0.000000000000000000e+00 1.474084793175397756e+00 3.383487399206293933e+00
1.001001001001001062e-01 1.812772220523375166e+00 5.703495973635281935e+00
2.002002002002002123e-01 2.383692738404784794e+00 -7.812132662479112089e-01
3.003003003003003046e-01 2.305493212253842739e+00 2.667923766502754201e+00
4.004004004004004247e-01 2.572552648340204584e+00 3.287231723293019492e+00
5.005005005005005447e-01 2.901604872894060438e+00 4.952786295688096807e+00
6.006006006006006093e-01 3.397379276866842712e+00 1.691191194218867100e+00
7.007007007007007848e-01 3.566667684696559260e+00 4.404149060829821494e+00
8.008008008008008494e-01 4.007523446541386036e+00 2.461003092382165303e+00
9.009009009009009139e-01 4.253870102435496570e+00 2.572504232655924206e+00
1.001001001001001089e+00 4.511378033632285955e+00 2.935533085121216246e+00
1.101101101101101154e+00 4.805225189300075250e+00 2.880155052848153652e+00
1.201201201201201219e+00 5.093528998393984430e+00 2.037917073130381951e+00
1.301301301301301283e+00 5.297524701410038617e+00 5.720296546945775162e+00
1.401401401401401570e+00 5.870126958361568725e+00 5.905624813510178539e-01
1.501501501501501634e+00 5.929242321860169085e+00 4.144516902897693811e+00
1.601601601601601699e+00 6.344108878706784971e+00 3.774188122378971055e+00
1.701701701701701763e+00 6.721905487553528680e+00 1.306538626722306917e+00
1.801801801801801828e+00 6.852690134873078875e+00 3.317113161138940836e+00
1.901901901901902114e+00 7.184733494346446925e+00 4.131669983795871914e+00
2.002002002002002179e+00 7.598314073304992533e+00 2.969857682418475697e+00
2.102102102102102243e+00 7.895597124598133121e+00 9.941020449353353827e-01
2.202202202202202308e+00 7.995106838805874361e+00 3.769108218088133455e+00
2.302302302302302373e+00 8.372394948724606323e+00 3.294429568748278303e+00
2.402402402402402437e+00 8.702167678329038480e+00 1.832639036198151938e+00
2.502502502502502502e+00 8.885615029299824386e+00 3.782936630710978854e+00
2.602602602602602566e+00 9.264287364706328631e+00 1.306825092206056915e+00
2.702702702702703075e+00 9.395100687249478000e+00 5.609628825525525109e+00
2.802802802802803139e+00 9.956625094208989779e+00 1.960573898249076130e+00
2.902902902902903204e+00 1.015287873767736571e+01 2.728212576716865012e+00
3.003003003003003268e+00 1.042597308970107584e+01 2.517420690417107032e+00
3.103103103103103333e+00 1.067796715280589126e+01 5.788973801732917757e+00
3.203203203203203397e+00 1.125744400983621318e+01 2.836691107957287183e+00
3.303303303303303462e+00 1.154139707369580137e+01 3.523534745635495291e+00
3.403403403403403527e+00 1.189410325444009509e+01 1.680288179159108219e+00
3.503503503503503591e+00 1.206230026937093669e+01 4.418021392548875603e+00
3.603603603603603656e+00 1.250454465300946261e+01 2.290080186142172458e+00
3.703703703703703720e+00 1.273378190887954986e+01 3.175574379883899567e+00
3.803803803803804229e+00 1.305165722218124280e+01 1.564106019421106497e+00
3.903903903903904293e+00 1.320822439129246462e+01 3.006002532377014091e+00
4.004004004004004358e+00 1.350912554568455803e+01 4.268743253317077269e+00
4.104104104104104422e+00 1.393642717264322428e+01 1.505270174693108531e+00
4.204204204204204487e+00 1.408710486780769955e+01 3.721407091258856159e+00
4.304304304304304551e+00 1.445961809015593325e+01 1.912032117092483219e+00
4.404404404404404616e+00 1.465101269647149707e+01 2.814990335445409997e+00
4.504504504504504681e+00 1.493279351083039685e+01 3.943954683873409639e+00
4.604604604604604745e+00 1.532758376947638368e+01 2.552433424282532837e+00
4.704704704704704810e+00 1.558308261074590639e+01 3.737107008558516963e+00
4.804804804804804874e+00 1.595716739638739945e+01 2.187164208127034826e+00
4.904904904904904939e+00 1.617610275255627172e+01 3.071130290025477549e+00
5.005005005005005003e+00 1.648352320200827137e+01 5.015900884040021879e+00
5.105105105105105068e+00 1.698561538259285797e+01 1.586070208082822397e+00
5.205205205205205132e+00 1.714438116918773503e+01 3.761854001095266131e+00
5.305305305305305197e+00 1.752094313125933311e+01 1.929944218714294113e+00
5.405405405405406150e+00 1.771413074074024507e+01 4.296721028611963256e+00
5.505505505505506214e+00 1.814423294580650747e+01 2.134522015214127322e+00
5.605605605605606279e+00 1.835789881319530892e+01 2.917783939121207037e+00
5.705705705705706343e+00 1.864996927757180600e+01 4.312952617534565825e+00
5.805805805805806408e+00 1.908169626631400462e+01 1.760227245326176693e+00
5.905905905905906472e+00 1.925789518977007830e+01 2.593885839940816229e+00
6.006006006006006537e+00 1.951754342199638614e+01 2.924768580060481682e+00
6.106106106106106601e+00 1.981031304963006789e+01 3.998257731800480830e+00
6.206206206206206666e+00 2.021053904880929508e+01 2.243534849624751359e+00
6.306306306306306730e+00 2.043511711183479562e+01 2.249887362837874161e+00
6.406406406406406795e+00 2.066033106206881698e+01 3.871468062152719103e+00
6.506506506506506859e+00 2.104786540262464456e+01 2.959992264826755370e+00
6.606606606606606924e+00 2.134416092462932468e+01 2.483963919946650112e+00
6.706706706706706989e+00 2.159280596166102129e+01 1.959258552948558219e+00
6.806806806806807053e+00 2.178892793893314916e+01 3.336762943143344984e+00
6.906906906906907118e+00 2.212293824355210248e+01 3.112085577817701232e+00
7.007007007007007182e+00 2.243445832141173213e+01 2.429715504068303389e+00
7.107107107107107247e+00 2.267767308658373437e+01 3.269013543959820911e+00
7.207207207207207311e+00 2.300490166956269533e+01 4.896197274658876886e+00
7.307307307307307376e+00 2.349501150686588602e+01 3.692056258057222262e+00
7.407407407407407440e+00 2.386458670787261482e+01 1.113420852303383946e+00
7.507507507507508393e+00 2.397604024664172329e+01 2.625639872511807305e+00
7.607607607607608458e+00 2.423886706070696917e+01 3.462473369088630015e+00
7.707707707707708522e+00 2.458546099154667175e+01 3.917835524024227301e+00
7.807807807807808587e+00 2.497763671967722487e+01 2.755018509482030087e+00
7.907907907907908651e+00 2.525341434825400455e+01 2.248966828019381747e+00
8.008008008008008716e+00 2.547853615286054918e+01 3.654592783881708939e+00
8.108108108108108780e+00 2.584436125635221160e+01 2.772528669908945975e+00
8.208208208208208845e+00 2.612189165374049438e+01 1.740927120203492162e+00
8.308308308308308909e+00 2.629615863273984289e+01 2.204310768907430607e+00
8.408408408408408974e+00 2.651681036135920522e+01 5.637427676066177007e+00
8.508508508508509038e+00 2.708111743604050403e+01 9.573429826479922244e-01
8.608608608608609103e+00 2.717694756443369641e+01 4.135898698292463926e+00
8.708708708708709167e+00 2.759095143813664563e+01 3.656217279451291269e+00
8.808808808808809232e+00 2.795693915379743544e+01 2.094115307701283513e+00
8.908908908908909297e+00 2.816656030571948577e+01 3.528818930282320743e+00
9.009009009009009361e+00 2.851979543387587412e+01 2.451997400548110217e+00
9.109109109109109426e+00 2.876524061911592511e+01 3.465387248702629819e+00
9.209209209209209490e+00 2.911212622959666874e+01 4.750897541056334994e+00
9.309309309309309555e+00 2.958769154902172716e+01 1.327433894134968595e+00
9.409409409409409619e+00 2.972056781470090314e+01 3.339076445427716422e+00
9.509509509509509684e+00 3.005480970113010386e+01 3.991443884437429812e+00
9.609609609609609748e+00 3.045435363350622282e+01 2.318812625445352715e+00
9.709709709709709813e+00 3.068646700942667849e+01 2.559562928571180063e+00
9.809809809809809877e+00 3.094267951478915890e+01 2.574716804583967900e+00
9.909909909909909942e+00 3.120040892465742388e+01 2.381505920570008872e+00
1.001001001001001001e+01 3.143879790569546273e+01 3.876168388722563751e+00
1.011011011011011007e+01 3.182680274941143495e+01 3.187112962429129226e+00
1.021021021021021014e+01 3.214583307598091722e+01 3.107716022564129155e+00
1.031031031031031020e+01 3.245691576092227137e+01 4.212795814681231654e+00
1.041041041041041026e+01 3.287861704367314530e+01 1.648534353227774973e+00
1.051051051051051033e+01 3.304363549744969930e+01 1.824049250283434231e+00
1.061061061061061039e+01 3.322622300999058353e+01 3.428157151254157320e+00
1.071071071071071223e+01 3.356938188399000467e+01 3.978225680455664381e+00
1.081081081081081230e+01 3.396760267282440537e+01 2.158533398661941938e+00
1.091091091091091236e+01 3.418367208209987496e+01 4.198139410160914409e+00
1.101101101101101243e+01 3.460390625729115754e+01 2.866626106963241050e+00
1.111111111111111249e+01 3.489085581754773813e+01 3.655460149533782843e+00
1.121121121121121256e+01 3.525676774442799655e+01 3.384432290320223302e+00
1.131131131131131262e+01 3.559554975547106181e+01 2.290624591860218828e+00
1.141141141141141269e+01 3.582484150640802056e+01 1.873845332635175387e+00
1.151151151151151275e+01 3.601241361177690692e+01 3.131843110978961064e+00
1.161161161161161282e+01 3.632591142068370971e+01 3.487135608879817106e+00
1.171171171171171288e+01 3.667497404419520279e+01 1.370979807100928705e+00
1.181181181181181294e+01 3.681220926012122163e+01 4.613674452602086085e+00
1.191191191191191301e+01 3.727403853465596484e+01 3.262667044574191433e+00
1.201201201201201307e+01 3.760063183241113904e+01 1.727223821253847102e+00
1.211211211211211314e+01 3.777352710981392647e+01 4.410483526082495942e+00
1.221221221221221320e+01 3.821501695226462658e+01 1.776091365335847438e+00
1.231231231231231327e+01 3.839280387572166831e+01 5.227390559377389501e+00
1.241241241241241333e+01 3.891606619397766309e+01 4.643894888117709452e-01
1.251251251251251340e+01 3.896255162829315566e+01 4.335287622817015851e+00
1.261261261261261346e+01 3.939651435329986384e+01 2.374255753548054404e+00
1.271271271271271353e+01 3.963417759189326262e+01 2.918874780697459759e+00
1.281281281281281359e+01 3.992635724962073596e+01 4.834282679616515033e+00
1.291291291291291365e+01 4.041026942976252911e+01 1.404007782014352612e+00
1.301301301301301372e+01 4.055081074928348528e+01 2.348566521119343165e+00
1.311311311311311378e+01 4.078590249313927529e+01 4.336685741012186845e+00
1.321321321321321385e+01 4.122000516991727181e+01 1.286065462021588335e+00
1.331331331331331391e+01 4.134874045140091425e+01 3.948728631616301499e+00
1.341341341341341398e+01 4.174400858269383718e+01 3.065829005484051351e+00
1.351351351351351404e+01 4.205089837303258093e+01 2.982750521947457600e-01
1.361361361361361411e+01 4.208075573561463756e+01 6.031175596204101375e+00
1.371371371371371417e+01 4.268447701651594883e+01 3.873810142408915969e+00
1.381381381381381424e+01 4.307224579953986421e+01 1.859474852279065837e+00
1.391391391391391430e+01 4.325837941838661749e+01 2.446379656705285566e+00
1.401401401401401436e+01 4.350326226690566500e+01 3.114578289529911004e+00
1.411411411411411443e+01 4.381503186545720752e+01 3.594960854036300280e+00
1.421421421421421449e+01 4.417488780680218241e+01 2.293472204033076167e+00
1.431431431431431456e+01 4.440446460400269046e+01 1.962652660173788810e+00
1.441441441441441462e+01 4.460092633174781440e+01 6.978373427054977540e+00
1.451451451451451469e+01 4.529946221033189602e+01 6.040807928597317078e-01
1.461461461461461475e+01 4.535993075816570297e+01 4.616471714557979666e+00
1.471471471471471482e+01 4.582204003890223731e+01 -2.739131848483463139e-01
1.481481481481481488e+01 4.579462130168018064e+01 4.728057366996620381e+00
1.491491491491491495e+01 4.626790031739555786e+01 1.311776248699311864e+00
1.501501501501501679e+01 4.639920925119929507e+01 3.750943203417488991e+00
1.511511511511511685e+01 4.677467904133117571e+01 4.577128280966890728e+00
1.521521521521521692e+01 4.723285004042696045e+01 1.722308033532540250e+00
1.531531531531531698e+01 4.740525324698677423e+01 2.716300631073866434e+00
1.541541541541541704e+01 4.767715521205923324e+01 5.110598137945627784e+00
1.551551551551551711e+01 4.818872659723897556e+01 7.247745922778980887e-01
1.561561561561561717e+01 4.826127660647600237e+01 4.270642758858605781e+00
1.571571571571571724e+01 4.868876837412951630e+01 2.768724767331218750e+00
1.581581581581581730e+01 4.896591800048899756e+01 2.507037911795933827e+00
1.591591591591591737e+01 4.921687274641451637e+01 3.521620705877322344e+00
1.601601601601601743e+01 4.956938733158742139e+01 3.569527460645680161e+00
1.611611611611611750e+01 4.992669738770810994e+01 2.591127353282309365e+00
1.621621621621621756e+01 5.018606949514377646e+01 4.781037588203087552e+00
1.631631631631631763e+01 5.066465183630524649e+01 6.410686166811900843e-01
1.641641641641641769e+01 5.072882286900606630e+01 4.407224322381079418e+00
1.651651651651651775e+01 5.116998646484000801e+01 7.325983995928609938e-01
1.661661661661661782e+01 5.124331963797242651e+01 3.999944140957883754e+00
1.671671671671671788e+01 5.164371444687711943e+01 2.840351650197618483e+00
1.681681681681681795e+01 5.192803393138138546e+01 3.398293545875611166e+00
1.691691691691691801e+01 5.226820345549305813e+01 2.800772153888287264e+00
1.701701701701701808e+01 5.254856102845484855e+01 3.193874805374820269e+00
1.711711711711711814e+01 5.286826821618005567e+01 3.494363013220178615e-01
1.721721721721721821e+01 5.290324682492099839e+01 3.664348372360148431e+00
1.731731731731731827e+01 5.327004846379588798e+01 4.756044462383160365e+00
1.741741741741741833e+01 5.374612899056096893e+01 2.415015476690211216e+00
1.751751751751751840e+01 5.398787228152094997e+01 3.785897836729185784e+00
1.761761761761761846e+01 5.436684103394629375e+01 2.444494935189995388e+00
1.771771771771771853e+01 5.461153522165299989e+01 2.629012436143400411e+00
1.781781781781781859e+01 5.487469962967536219e+01 2.543819330601940987e+00
1.791791791791791866e+01 5.512933619930518603e+01 4.199458595979959519e+00
1.801801801801801872e+01 5.554970242512900569e+01 4.534787482516773771e+00
1.811811811811811879e+01 5.600363510606161555e+01 3.077452316360238971e+00
1.821821821821821885e+01 5.631168839098256029e+01 2.360374756162499921e+00
1.831831831831831892e+01 5.654796214034817581e+01 -2.469484458999962884e-01
1.841841841841841898e+01 5.652324257619402204e+01 5.593459961735588237e+00
1.851851851851851904e+01 5.708314847826965632e+01 3.800351394999188503e+00
1.861861861861861911e+01 5.746356403332463003e+01 2.557301467579418564e+00
1.871871871871871917e+01 5.771955016621546264e+01 2.638784323168156032e+00
1.881881881881881924e+01 5.798369274110716987e+01 4.323162786866439511e+00
1.891891891891891930e+01 5.841644176882152806e+01 1.342704413371818006e+00
1.901901901901901937e+01 5.855084661500489318e+01 9.645849677145703627e-01
1.911911911911911943e+01 5.864740166682817346e+01 5.685316327898119582e+00
1.921921921921921950e+01 5.921650240035150858e+01 2.206901920058161881e+00
1.931931931931931956e+01 5.943741350346043362e+01 2.279378140280140741e+00
1.941941941941941963e+01 5.966557948346845563e+01 5.088474765739523065e+00
1.951951951951951969e+01 6.017493631687581512e+01 1.815546267997208529e+00
1.961961961961961975e+01 6.035667268003869879e+01 3.477685971050493485e+00
1.971971971971971982e+01 6.070478939385756689e+01 2.828109817206307497e+00
1.981981981981981988e+01 6.098788346965399398e+01 2.948552331988843367e+00
1.991991991991991995e+01 6.128303385323646069e+01 3.630382792414572179e+00
2.002002002002002001e+01 6.164643553415884014e+01 1.509276021292419445e+00
2.012012012012012008e+01 6.179751421496889208e+01 3.482740225719805682e+00
2.022022022022022014e+01 6.214613686018608973e+01 2.163514019084340489e+00
2.032032032032032021e+01 6.236270483006440202e+01 3.234000040721584313e+00
2.042042042042042027e+01 6.268642855786436030e+01 1.075904182528234276e+00
2.052052052052052034e+01 6.279412667423355288e+01 6.639936125458710592e+00
2.062062062062062040e+01 6.345878494505024037e+01 3.029419365131746034e+00
2.072072072072072046e+01 6.376203012674510973e+01 1.552401254899270056e+00
2.082082082082082053e+01 6.391742564775604762e+01 3.198241460478252307e+00
2.092092092092092059e+01 6.423756993809421090e+01 4.697877090893840979e+00
2.102102102102102066e+01 6.470782790515065130e+01 9.199632798090553454e-01
2.112112112112112072e+01 6.479991632154795411e+01 3.154960249227485747e+00
2.122122122122122079e+01 6.511572815830746208e+01 2.328297137813431394e+00
2.132132132132132085e+01 6.534879093486536306e+01 5.277121344030410555e+00
2.142142142142142447e+01 6.587703130964320053e+01 2.004277535332936733e+00
2.152152152152152453e+01 6.607765969155840935e+01 3.027512618023724844e+00
2.162162162162162460e+01 6.638071400767690022e+01 3.230314177368806661e+00
2.172172172172172466e+01 6.670406878018629016e+01 1.852484741110451250e+00
2.182182182182182473e+01 6.688950268820535427e+01 2.471610178957171389e+00
2.192192192192192479e+01 6.713691111452739335e+01 3.380036942084523766e+00
2.202202202202202486e+01 6.747525315077209029e+01 4.600547336539059451e+00
2.212212212212212492e+01 6.793576839967489889e+01 1.087031071188242048e+00
2.222222222222222499e+01 6.804458031871276091e+01 5.108284855696885174e+00
2.232232232232232505e+01 6.855592014410784429e+01 1.091078750996207436e+00
2.242242242242242511e+01 6.866513723629965682e+01 5.906220275224044691e+00
2.252252252252252518e+01 6.925635047706282421e+01 2.380491356857916685e+00
2.262262262262262524e+01 6.949463790017172471e+01 1.600296019918248103e+00
2.272272272272272531e+01 6.965482769195533308e+01 2.667636235660152622e+00
2.282282282282282537e+01 6.992185834617556850e+01 4.667179201855047310e+00
2.292292292292292544e+01 7.038904345146636388e+01 2.114693457553344924e+00
2.302302302302302550e+01 7.060072447824848041e+01 1.633931484824715952e+00
2.312312312312312557e+01 7.076428118343613960e+01 4.478179203068487269e+00
2.322322322322322563e+01 7.121254736992948153e+01 1.751254345552295755e+00
2.332332332332332570e+01 7.138784810522000157e+01 4.515379418898074704e+00
2.342342342342342576e+01 7.183983803704163051e+01 8.976677738317818678e-01
2.352352352352352582e+01 7.192969467105882586e+01 4.347070007637639399e+00
2.362362362362362589e+01 7.236483681396549628e+01 3.636123427695754806e+00
2.372372372372372595e+01 7.272881313305416029e+01 3.687195515307726268e+00
2.382382382382382602e+01 7.309790177322510374e+01 1.832706623728544537e+00
2.392392392392392608e+01 7.328135588971444747e+01 3.025472203652885828e+00
2.402402402402402615e+01 7.358420596015017168e+01 2.180673371100746660e+00
2.412412412412412621e+01 7.380249158288297906e+01 4.800109907089500361e+00
2.422422422422422628e+01 7.428298306507412008e+01 1.700450322316982676e+00
2.432432432432432634e+01 7.445319831255329746e+01 2.772826434694456221e+00
2.442442442442442641e+01 7.473075851622641608e+01 3.426587205019773652e+00
2.452452452452452647e+01 7.507376023845061752e+01 1.768226256823934417e+00
2.462462462462462653e+01 7.525075986375831860e+01 4.800735570818083886e+00
2.472472472472472660e+01 7.573131397495131978e+01 1.326223649498463164e+00
2.482482482482482666e+01 7.586406909502123597e+01 4.101146868888775110e+00
2.492492492492492673e+01 7.627459430712221433e+01 3.938512474649493722e+00
2.502502502502502679e+01 7.666883980008012145e+01 1.975952922230821418e+00
2.512512512512512686e+01 7.686663288538851191e+01 3.697768036325794760e+00
2.522522522522522692e+01 7.723677983597167440e+01 1.507128082842600358e+00
2.532532532532532699e+01 7.738764350792789060e+01 5.045939342978037701e+00
2.542542542542542705e+01 7.789274254125902530e+01 -2.356116874335167921e-01
2.552552552552552712e+01 7.786915778776217678e+01 6.364383550459954186e+00
2.562562562562562718e+01 7.850623321823864842e+01 2.024557920434908898e+00
2.572572572572572724e+01 7.870889166873263321e+01 3.679676882021114093e+00
2.582582582582582731e+01 7.907722769295897081e+01 2.551693903338780878e+00
2.592592592592592737e+01 7.933265250810799785e+01 6.825148441144622824e-01
2.602602602602602744e+01 7.940097231232365971e+01 3.769419333427609153e+00
2.612612612612612750e+01 7.977829156491901585e+01 4.735205316663915198e+00
2.622622622622622757e+01 8.025228609111159983e+01 1.680502951201413353e+00
2.632632632632632763e+01 8.042050460474537488e+01 3.346971437285120476e+00
2.642642642642642770e+01 8.075553678064979124e+01 3.825836721153158315e+00
2.652652652652652776e+01 8.113850341940386102e+01 -2.158873707745767312e-01
2.662662662662662783e+01 8.111689307197897847e+01 6.832960151444837038e+00
2.672672672672672789e+01 8.180087306711860151e+01 2.575663471652007708e+00
2.682682682682682795e+01 8.205869723845513874e+01 2.128053963102884527e+00
2.692692692692692802e+01 8.227171565318015212e+01 2.497420386947543314e+00
2.702702702702702808e+01 8.252170768390563182e+01 3.278033299653234423e+00
2.712712712712712815e+01 8.284983914533238192e+01 2.845369201061156428e+00
2.722722722722722821e+01 8.313466088718034541e+01 4.297471892965528006e+00
2.732732732732732828e+01 8.356483825384356123e+01 2.430713133884471411e+00
2.742742742742742834e+01 8.380815288186002476e+01 2.938093764919230910e+00
2.752752752752752841e+01 8.410225636183191966e+01 4.708829246224149223e+00
2.762762762762762847e+01 8.457361064073323575e+01 4.273356101660231166e-01
2.772772772772772854e+01 8.461638697808719201e+01 3.182921894302857435e+00
2.782782782782782860e+01 8.493499777831770814e+01 3.994899649823896226e+00
2.792792792792792866e+01 8.533488763315493486e+01 3.127238504092512361e+00
2.802802802802802873e+01 8.564792452045148252e+01 4.248346752388093783e+00
2.812812812812812879e+01 8.607318445562546572e+01 1.773714328947636698e+00
2.822822822822822886e+01 8.625073343750210597e+01 3.211432579955002531e+00
2.832832832832832892e+01 8.657219816022032433e+01 1.744691607930527910e+00
2.842842842842842899e+01 8.674684196481797471e+01 1.908414875435090252e+00
2.852852852852852905e+01 8.693787448488154723e+01 4.284637601657002470e+00
2.862862862862862912e+01 8.736676713770006586e+01 1.774900263220779095e+00
2.872872872872872918e+01 8.754443483171615981e+01 4.078220331830658907e+00
2.882882882882882924e+01 8.795266509516267206e+01 3.253589100418058599e+00
2.892892892892892931e+01 8.827834968979911423e+01 4.105182999547230871e+00
2.902902902902902937e+01 8.868927891898302107e+01 2.531523339564667907e+00
2.912912912912912944e+01 8.894268465867918394e+01 2.768007323026732802e+00
2.922922922922922950e+01 8.921976246879196992e+01 2.428534489081713765e+00
2.932932932932932957e+01 8.946285901424559484e+01 4.460986105750296637e+00
2.942942942942942963e+01 8.990940416997635509e+01 5.241421834650121792e-01
2.952952952952952970e+01 8.996187085500788783e+01 5.186945020330846035e+00
2.962962962962962976e+01 9.048108457075672106e+01 1.653401840312523241e+00
2.972972972972972983e+01 9.064659026047769430e+01 4.096802193309822648e+00
2.982982982982982989e+01 9.105668057011831706e+01 -6.408002783997861218e-02
2.992992992992993351e+01 9.105026615291711778e+01 4.231325236566497061e+00
3.003003003003003357e+01 9.147382223265350376e+01 4.802205461820927113e+00
3.013013013013013364e+01 9.195452348008302579e+01 2.571923553460313538e+00
3.023023023023023370e+01 9.221197328523420822e+01 2.705128152352663129e+00
3.033033033033033377e+01 9.248275688406830852e+01 4.464599114078000142e+00
3.043043043043043383e+01 9.292966370229433437e+01 -2.601469389845201818e-01
3.053053053053053389e+01 9.290362296766124928e+01 3.674816194268883951e+00
3.063063063063063396e+01 9.327147243655703335e+01 2.518590951259694677e+00
3.073073073073073402e+01 9.352358364288933501e+01 5.292062852282699126e+00
3.083083083083083409e+01 9.405331966413885425e+01 2.599085473300069005e+00
3.093093093093093415e+01 9.431348838018490710e+01 2.864503771365328522e+00
3.103103103103103422e+01 9.460022549443569062e+01 3.408630872673509504e+00
3.113113113113113428e+01 9.494142978599460037e+01 4.333045709644051335e+00
3.123123123123123435e+01 9.537516809526827899e+01 3.275953371245077239e-01
3.133133133133133441e+01 9.540796042130676824e+01 4.395748224578428065e+00
3.143143143143143448e+01 9.584797525860190603e+01 2.601208538941297554e+00
3.153153153153153454e+01 9.610835649373116496e+01 2.381850780753693719e+00
3.163163163163163460e+01 9.634677999530811121e+01 5.172135339231998863e+00
3.173173173173173467e+01 9.686451126049649929e+01 9.067417010258846943e-01
3.183183183183183473e+01 9.695527619553412535e+01 2.545449563377233826e+00
3.193193193193193480e+01 9.721007595162794246e+01 2.462502516075676606e+00
3.203203203203203486e+01 9.745657269998386596e+01 4.563969212285909016e+00
3.213213213213213493e+01 9.791342647498746032e+01 3.007977535677052394e+00
3.223223223223223499e+01 9.821452532740758556e+01 3.894357714689699268e+00
3.233233233233233506e+01 9.860435092447362138e+01 1.873198944429528057e+00
3.243243243243243512e+01 9.879185832631841890e+01 5.612287583375915823e+00
3.253253253253253519e+01 9.935364887520489674e+01 -6.538309237891173353e-01
3.263263263263263525e+01 9.928820033428506520e+01 5.576973612741975117e+00
3.273273273273273531e+01 9.984645595117615358e+01 1.742170884431364808e+00
3.283283283283283538e+01 1.000208474310992131e+02 3.158916308531038108e+00
3.293293293293293544e+01 1.003370552697910085e+02 2.118504270387221666e+00
3.303303303303303551e+01 1.005491177593192589e+02 1.884850485730532377e+00
3.313313313313313557e+01 1.007377914816146074e+02 4.403482392179829397e+00
3.323323323323323564e+01 1.011785805098608364e+02 4.011344805986807316e+00
3.333333333333333570e+01 1.015801165264761323e+02 2.472498721924218490e+00
3.343343343343343577e+01 1.018276138960381161e+02 2.796472848785929166e+00
3.353353353353353583e+01 1.021075411081287996e+02 3.659650980329151704e+00
3.363363363363363590e+01 1.024738725375911770e+02 1.153993976362691853e+00
3.373373373373373596e+01 1.025893874501399949e+02 5.428609518184591032e+00
3.383383383383383602e+01 1.031327918063146285e+02 1.873531626010032536e+00
3.393393393393393609e+01 1.033203325096189360e+02 3.611742184321484306e+00
3.403403403403403615e+01 1.036818682638052707e+02 2.878755180669790192e+00
3.413413413413413622e+01 1.039700319455539983e+02 2.772192909629560109e+00
3.423423423423423628e+01 1.042475287333047049e+02 2.589044707789982969e+00
3.433433433433433635e+01 1.045066923677181165e+02 4.117529919237120417e+00
3.443443443443443641e+01 1.049188575247989093e+02 1.979955843948480121e+00
3.453453453453453648e+01 1.051170513029719302e+02 2.653437098985132803e+00
3.463463463463463654e+01 1.053826606221896611e+02 2.967038601767923556e+00
3.473473473473473661e+01 1.056796614832274912e+02 3.365581522113209711e+00
3.483483483483483667e+01 1.060165565304860706e+02 1.588490968427260785e+00
3.493493493493493673e+01 1.061755646354337443e+02 3.534706910174731043e+00
3.503503503503503680e+01 1.065293891509667503e+02 4.206956793364616587e+00
3.513513513513513686e+01 1.069505059470993444e+02 2.413146587317654745e+00
3.523523523523523693e+01 1.071920621620460565e+02 3.334820955896610428e+00
3.533533533533533699e+01 1.075258780735472186e+02 3.709488255135525936e+00
3.543543543543543706e+01 1.078971982192064303e+02 2.362205450087698555e+00
3.553553553553553712e+01 1.081336552212172109e+02 2.010488864066939385e+00
3.563563563563563719e+01 1.083349053577604479e+02 3.479146351588024544e+00
3.573573573573573725e+01 1.086831682558173071e+02 4.442203477923834853e+00
3.583583583583583732e+01 1.091278332686224957e+02 2.913346440104495727e+00
3.593593593593593738e+01 1.094194595389032258e+02 2.011527117497776906e+00
3.603603603603603744e+01 1.096208136047188191e+02 3.974177164480211299e+00
3.613613613613613751e+01 1.100186291366988200e+02 1.595804011620135521e+00
3.623623623623623757e+01 1.101783692780021369e+02 2.605439274992319199e+00
3.633633633633633764e+01 1.104391740102336001e+02 3.545258434110218015e+00
3.643643643643643770e+01 1.107940547343687570e+02 4.503278125191543246e+00
3.653653653653653777e+01 1.112448333254790214e+02 3.122873117122393793e+00
3.663663663663663783e+01 1.115574332371028845e+02 1.888356618981597901e+00
3.673673673673673790e+01 1.117464579236876290e+02 3.608901756980007036e+00
3.683683683683683796e+01 1.121077093508127547e+02 3.165908764498699401e+00
3.693693693693693803e+01 1.124246171350468586e+02 2.883946833305166102e+00
3.703703703703703809e+01 1.127133005017440723e+02 1.250937945869419421e+00
3.713713713713713815e+01 1.128385195153446148e+02 4.660735728085714236e+00
3.723723723723723822e+01 1.133050596282661076e+02 1.974462748492690212e+00
3.733733733733733828e+01 1.135027035470341445e+02 2.986024651387289008e+00
3.743743743743743835e+01 1.138016049135393786e+02 4.236230095654787142e+00
3.753753753753753841e+01 1.142256519701614792e+02 2.121611185754316953e+00
3.763763763763763848e+01 1.144380254622289783e+02 3.004137637120538606e+00
3.773773773773773854e+01 1.147387399404192223e+02 3.595347108173441164e+00
3.783783783783783861e+01 1.150986345458419891e+02 2.432042424521617452e+00
3.793793793793793867e+01 1.153420822359842930e+02 3.857289097556287683e+00
3.803803803803803874e+01 1.157281972607647020e+02 8.935858355596368874e-01
3.813813813813813880e+01 1.158176452923522533e+02 4.400666337675572137e+00
3.823823823823823886e+01 1.162581524332607188e+02 3.511194935934887962e+00
3.833833833833833893e+01 1.166096233978187655e+02 3.674121656476058817e+00
3.843843843843843899e+01 1.169774033434119644e+02 7.806729392531078782e-01
3.853853853853853906e+01 1.170555487827766399e+02 2.623783451642654363e+00
3.863863863863863912e+01 1.173181897689270556e+02 4.900863840326279863e+00
3.873873873873873919e+01 1.178087667299206771e+02 1.817768070096444477e+00
3.883883883883883925e+01 1.179907254956960969e+02 2.152203805726006447e+00
3.893893893893893932e+01 1.182061613120850865e+02 4.062308645160251253e+00
3.903903903903903938e+01 1.186127988141031295e+02 3.212713179344232728e+00
3.913913913913913944e+01 1.189343917249483980e+02 5.600865925555913449e+00
3.923923923923923951e+01 1.194950389647437845e+02 1.206848052536294791e+00
3.933933933933933957e+01 1.196158445756082784e+02 2.074932328807782334e+00
3.943943943943943964e+01 1.198235455094228712e+02 2.767063569026217529e+00
3.953953953953953970e+01 1.201005288496657357e+02 3.947785730706028229e+00
3.963963963963963977e+01 1.204957025964831558e+02 1.818044662001835343e+00
3.973973973973973983e+01 1.206776890491359921e+02 2.573722639079754515e+00
3.983983983983983990e+01 1.209353189429377693e+02 3.328757328465257626e+00
3.993993993993993996e+01 1.212685278847260832e+02 3.104995650403397534e+00
4.004004004004004003e+01 1.215793382601418386e+02 2.060039065809925685e+00
4.014014014014014009e+01 1.217855483768395288e+02 4.262625544824754975e+00
4.024024024024024015e+01 1.222122376205657304e+02 2.385349637428065606e+00
4.034034034034034022e+01 1.224510113580460171e+02 3.864267521573508724e+00
4.044044044044044028e+01 1.228378249237690909e+02 2.622940952345695909e+00
4.054054054054054035e+01 1.231003815756555468e+02 2.246213623126786185e+00
4.064064064064064041e+01 1.233252277841767466e+02 3.749435963724903953e+00
4.074074074074074048e+01 1.237005466994645246e+02 3.481667799452910828e+00
4.084084084084084054e+01 1.240490619947050561e+02 2.911409183598118844e+00
4.094094094094094061e+01 1.243404943454155784e+02 4.324863999576996854e+00
4.104104104104104067e+01 1.247734136646925549e+02 2.484098322743726328e+00
4.114114114114114074e+01 1.250220721554576926e+02 1.399922505732966505e+00
4.124124124124124080e+01 1.251622045384139454e+02 3.952873791144110083e+00
4.134134134134134086e+01 1.255578876005905329e+02 2.507351715274058979e+00
4.144144144144144093e+01 1.258088737582756238e+02 3.430045612502742536e+00
4.154154154154154099e+01 1.261522216674350574e+02 2.057450953703548358e+00
4.164164164164164106e+01 1.263581727138518289e+02 2.588502958997916270e+00
4.174174174174174112e+01 1.266172821191569255e+02 3.609209011064698380e+00
4.184184184184184119e+01 1.269785643024466850e+02 4.421388576856977615e+00
4.194194194194194125e+01 1.274211457415715074e+02 2.729647991568539656e+00
4.204204204204204132e+01 1.276943837787655553e+02 1.194670000356680140e+00
4.214214214214214138e+01 1.278139703653878456e+02 4.762435848550254036e+00
4.224224224224224145e+01 1.282906906705480310e+02 2.406816223651815800e+00
4.234234234234234151e+01 1.285316132154581226e+02 2.659259008847973504e+00
4.244244244244244157e+01 1.287978053084358976e+02 2.724638242590881276e+00
4.254254254254254164e+01 1.290705418692558055e+02 3.884960454343034719e+00
4.264264264264264170e+01 1.294594267996204735e+02 3.206030724875765792e+00
4.274274274274274887e+01 1.297803507961045568e+02 2.169752494432610312e+00
4.284284284284284894e+01 1.299975432379897029e+02 2.726387286802375964e+00
4.294294294294294900e+01 1.302704548783102609e+02 2.770383460909282558e+00
4.304304304304304907e+01 1.305477705400629418e+02 3.161947895284046073e+00
4.314314314314314913e+01 1.308642818408921755e+02 3.358309056940175896e+00
4.324324324324324920e+01 1.312004489136589598e+02 3.717850229146228536e+00
4.334334334334334926e+01 1.315726060937536772e+02 -1.260150127874911652e-01
4.344344344344344933e+01 1.315599919783595340e+02 5.984382249483620519e+00
4.354354354354354939e+01 1.321590292405701064e+02 1.990949944761813750e+00
4.364364364364364945e+01 1.323583235293350526e+02 6.320846827979198501e+00
4.374374374374374952e+01 1.329910409295331704e+02 3.681807860491160267e-01
4.384384384384384958e+01 1.330278958630716204e+02 2.919057433462953099e+00
4.394394394394394965e+01 1.333200938043592032e+02 3.103307905046659432e+00
4.404404404404404971e+01 1.336307352362958056e+02 1.223124541643554553e+00
4.414414414414414978e+01 1.337531701253492145e+02 5.721437016378486007e+00
4.424424424424424984e+01 1.343258865434051188e+02 1.245029670647275433e+00
4.434434434434434991e+01 1.344505141380645057e+02 3.270751439739398414e+00
4.444444444444444997e+01 1.347779166845849659e+02 3.397894907790384167e+00
4.454454454454455004e+01 1.351180463049844036e+02 1.218671447811215280e+00
4.464464464464465010e+01 1.352400354388994401e+02 6.004060651622889822e+00
4.474474474474475016e+01 1.358410425111339634e+02 2.735746848301278344e+00
4.484484484484485023e+01 1.361148910444974547e+02 3.100214479558416780e+00
4.494494494494495029e+01 1.364252228242330318e+02 1.850141104206628917e+00
4.504504504504505036e+01 1.366104221339634250e+02 3.601258293279689493e+00
4.514514514514515042e+01 1.369709084496070375e+02 3.393606789140400704e+00
4.524524524524525049e+01 1.373106088289003708e+02 2.133873324686891504e+00
4.534534534534535055e+01 1.375242097623024620e+02 2.590633117757437542e+00
4.544544544544545062e+01 1.377835323967126158e+02 2.820627534465340869e+00
4.554554554554555068e+01 1.380658774952576948e+02 3.916071174269588173e+00
4.564564564564565075e+01 1.384578766118011970e+02 2.904146680928006319e+00
4.574574574574575081e+01 1.387485819852674638e+02 2.134314832787299387e+00
4.584584584584585087e+01 1.389622271136746008e+02 2.788145843036675231e+00
4.594594594594595094e+01 1.392413207916562499e+02 2.646183730004385559e+00
4.604604604604605100e+01 1.395062040479129450e+02 4.099404562930726748e+00
4.614614614614615107e+01 1.399165548550131177e+02 4.995892073027849989e+00
4.624624624624625113e+01 1.404166441516125019e+02 2.517303043961351072e+00
4.634634634634635120e+01 1.406686264382953198e+02 -8.435173940883035348e-02
4.644644644644645126e+01 1.406601828207368783e+02 6.168988521426787663e+00
4.654654654654655133e+01 1.412776991892480680e+02 2.219770815498346206e+00
4.664664664664665139e+01 1.414998984700787332e+02 2.579362925939749918e+00
4.674674674674675146e+01 1.417580929571597892e+02 2.561588565431011322e+00
4.684684684684685152e+01 1.420145082289747052e+02 3.488305772854781939e+00
4.694694694694695158e+01 1.423636879860172257e+02 8.768930956737484017e-01
4.704704704704705165e+01 1.424514650726712546e+02 4.361293417806166417e+00
4.714714714714715171e+01 1.428880309803595594e+02 3.034801529238928985e+00
4.724724724724725178e+01 1.431918149172203130e+02 4.130684550594796001e+00
4.734734734734735184e+01 1.436052968542167889e+02 1.686378163777897843e+00
4.744744744744745191e+01 1.437741034772175794e+02 3.346157290858037925e+00
4.754754754754755197e+01 1.441090541569831487e+02 1.628121295734044960e+00
4.764764764764765204e+01 1.442720292616612312e+02 2.977086292321383443e+00
4.774774774774775210e+01 1.445700358975292374e+02 5.718627867554232580e+00
4.784784784784785217e+01 1.451424711195066379e+02 2.371934070765592040e+00
4.794794794794795223e+01 1.453799019574211115e+02 2.277154906611993823e+00
4.804804804804805229e+01 1.456078453915164062e+02 2.346455383976996600e+00
4.814814814814815236e+01 1.458427258103329223e+02 2.404167867642577505e+00
4.824824824824825242e+01 1.460833832545413884e+02 4.436404181050583873e+00
4.834834834834835249e+01 1.465274677571490543e+02 5.682888516697236270e+00
4.844844844844845255e+01 1.470963254665281568e+02 1.317643952299355714e+00
4.854854854854855262e+01 1.472282217580496138e+02 3.727302889775006012e+00
4.864864864864865268e+01 1.476013251504194841e+02 2.259386824135153127e+00
4.874874874874875275e+01 1.478274899976802601e+02 2.340994932746200519e+00
4.884884884884885281e+01 1.480618238247819818e+02 2.269089989325994594e+00
4.894894894894895288e+01 1.482889599598496488e+02 4.217179944365518907e+00
4.904904904904905294e+01 1.487111000944207717e+02 1.982490475353630544e+00
4.914914914914915300e+01 1.489095475894511651e+02 2.250449027318951689e+00
4.924924924924925307e+01 1.491348177623559650e+02 3.813249940149098904e+00
4.934934934934935313e+01 1.495165244630715904e+02 3.186657662118496326e+00
4.944944944944945320e+01 1.498355092140344027e+02 3.740573138297750955e+00
4.954954954954955326e+01 1.502099409596097530e+02 1.829691446244565922e+00
4.964964964964965333e+01 1.503930932565311309e+02 2.631923219345260190e+00
4.974974974974975339e+01 1.506565490342433691e+02 3.298383198319054799e+00
4.984984984984985346e+01 1.509867175225635947e+02 4.211773205986000690e+00
4.994994994994995352e+01 1.514083164420817127e+02 2.962480389160256244e+00
5.005005005005005358e+01 1.517048610255812378e+02 8.362461989309872834e-01
5.015015015015015365e+01 1.517885693538025578e+02 4.796751023912542600e+00
5.025025025025025371e+01 1.522687246114514608e+02 3.122028467656839279e+00
5.035035035035035378e+01 1.525812399735792724e+02 2.946426936305695410e+00
5.045045045045045384e+01 1.528761776048411036e+02 5.149853106827123383e+00
5.055055055055055391e+01 1.533916784163353100e+02 1.564957942025123339e-01
5.065065065065065397e+01 1.534073436610002261e+02 2.095489529180596833e+00
5.075075075075075404e+01 1.536171023726299154e+02 4.792209538052883744e+00
5.085085085085085410e+01 1.540968030270896634e+02 2.014033146779167893e+00
5.095095095095095417e+01 1.542984079466871776e+02 2.836410974382322703e+00
5.105105105105105423e+01 1.545823329691478705e+02 4.465647806372051498e+00
5.115115115115115429e+01 1.550293447615775051e+02 2.789323842295620803e+00
5.125125125125125436e+01 1.553085563574028924e+02 2.991914886856423816e+00
5.135135135135135442e+01 1.556080473370682000e+02 2.165982292703284795e+00
5.145145145145145449e+01 1.558248623813828431e+02 2.499991386103677549e+00
5.155155155155155455e+01 1.560751117693812091e+02 3.021167726491417849e+00
5.165165165165165462e+01 1.563775309612221918e+02 3.946915080095761308e+00
5.175175175175175468e+01 1.567726175558263719e+02 2.484004066210030004e+00
5.185185185185185475e+01 1.570212666115030515e+02 2.870975375608574520e+00
5.195195195195195481e+01 1.573086515339863922e+02 3.429641190755063018e+00
5.205205205205205488e+01 1.576519589604884004e+02 3.283086152534219870e+00
5.215215215215215494e+01 1.579805962129943282e+02 1.320235692452905285e+00
5.225225225225225500e+01 1.581127519379645889e+02 3.910658953610724797e+00
5.235235235235235507e+01 1.585042092906783751e+02 3.047937451169732803e+00
5.245245245245245513e+01 1.588093081346393092e+02 2.324385318404371681e+00
5.255255255255255520e+01 1.590419793376827897e+02 4.416498450231224560e+00
5.265265265265265526e+01 1.594840712746428721e+02 1.826268292298499407e+00
5.275275275275275533e+01 1.596668809135115907e+02 4.350504444746883692e+00
5.285285285285285539e+01 1.601023668439166840e+02 3.963622015283359445e+00
5.295295295295295546e+01 1.604991258044055087e+02 2.850663166364370227e+00
5.305305305305305552e+01 1.607844774727102504e+02 4.180973803091440621e-01
5.315315315315315559e+01 1.608263290623307853e+02 4.856136902083790119e+00
5.325325325325325565e+01 1.613124288523291625e+02 1.974731296894125521e+00
5.335335335335335571e+01 1.615100996528190649e+02 3.193087119903927906e+00
5.345345345345345578e+01 1.618297279931497883e+02 5.193863200783654044e+00
5.355355355355355584e+01 1.623496342194544582e+02 -3.424494059547397717e-01
5.365365365365365591e+01 1.623153549996391689e+02 4.762625546002047017e+00
5.375375375375375597e+01 1.627920942935332675e+02 2.615762648267290214e+00
5.385385385385385604e+01 1.630539323964629261e+02 4.879665778443208701e+00
5.395395395395395610e+01 1.635423874293401241e+02 3.385853576762839712e+00
5.405405405405405617e+01 1.638813117112983662e+02 -3.274572899498242595e-01
5.415415415415415623e+01 1.638485332037958813e+02 3.852254361508705482e+00
5.425425425425425630e+01 1.642341442509939498e+02 3.196564908769599977e+00
5.435435435435435636e+01 1.645541207183382539e+02 2.983677457377917897e+00
5.445445445445445642e+01 1.648527871304881955e+02 3.297169766922187328e+00
5.455455455455455649e+01 1.651828341542041301e+02 2.304202989689774217e+00
5.465465465465465655e+01 1.654134851041230263e+02 2.535022480030376002e+00
5.475475475475475662e+01 1.656672411081300709e+02 5.183431747916944943e+00
5.485485485485485668e+01 1.661861031449585937e+02 4.441758069096773731e+00
5.495495495495495675e+01 1.666307235722956079e+02 -3.382174667056407902e-01
5.505505505505505681e+01 1.665968679700227710e+02 3.714336274891657297e+00
5.515515515515515688e+01 1.669686734029448587e+02 3.248684816911967310e+00
5.525525525525525694e+01 1.672938670783114219e+02 3.376825050926864691e+00
5.535535535535535701e+01 1.676318876039297265e+02 8.760876003563311532e-01
5.545545545545545707e+01 1.677195840604218517e+02 4.411396832050925809e+00
5.555555555555555713e+01 1.681611653248914138e+02 2.946683471256525078e+00
5.565565565565565720e+01 1.684561286353275023e+02 3.569449106105896163e+00
5.575575575575575726e+01 1.688134308481509152e+02 3.780673287440634134e+00
5.585585585585585733e+01 1.691918766226694970e+02 3.168179629224091798e+00
5.595595595595595739e+01 1.695090117206899265e+02 2.090702114964965830e+00
5.605605605605605746e+01 1.697182912116774105e+02 3.243655980476364942e+00
5.615615615615615752e+01 1.700429815000133829e+02 3.711403293806383452e+00
5.625625625625625759e+01 1.704144933412352430e+02 2.091245362013755216e+00
5.635635635635635765e+01 1.706238272113066898e+02 2.463897766574767001e+00
5.645645645645645772e+01 1.708704636243772370e+02 2.338485383127290262e+00
5.655655655655655778e+01 1.711045462453108996e+02 3.696748465405985673e+00
5.665665665665665784e+01 1.714745911367429301e+02 4.168317055410386551e+00
5.675675675675675791e+01 1.718918400912384641e+02 1.009229261237215125e+00
5.685685685685685797e+01 1.719928640413122594e+02 4.412032806884285563e+00
5.695695695695695804e+01 1.724345089669263018e+02 2.294675643471116633e+00
5.705705705705705810e+01 1.726642062285350221e+02 4.224421393253500412e+00
5.715715715715715817e+01 1.730870712328647016e+02 8.665554822583874106e-01
5.725725725725725823e+01 1.731738135233810567e+02 4.186527066784393014e+00
5.735735735735735830e+01 1.735928853018379527e+02 2.932247214964510018e+00
5.745745745745745836e+01 1.738864035415741398e+02 3.542361093236971126e+00
5.755755755755755843e+01 1.742409942415978605e+02 4.986516996765034959e-02
5.765765765765765849e+01 1.742459857501031308e+02 4.542499073715893232e+00
5.775775775775775855e+01 1.747006903620867035e+02 4.142332089330089673e+00
5.785785785785785862e+01 1.751153382188765022e+02 3.397513138885396078e+00
5.795795795795795868e+01 1.754554296241703355e+02 1.992908365117043612e+00
5.805805805805805875e+01 1.756549199510088783e+02 1.731824478832300951e+00
5.815815815815815881e+01 1.758282757546957953e+02 3.951334001647770933e+00
5.825825825825825888e+01 1.762238046837896661e+02 1.688302779234967632e+00
5.835835835835835894e+01 1.763928039609903635e+02 4.550322410470886147e+00
5.845845845845845901e+01 1.768482916897662278e+02 2.537894343157794719e+00
5.855855855855855907e+01 1.771023351675598008e+02 3.216547381975824127e+00
5.865865865865865914e+01 1.774243118824722956e+02 2.003194481879449373e+00
5.875875875875875920e+01 1.776248318506283965e+02 6.057268598317993025e+00
5.885885885885885926e+01 1.782311650436532204e+02 4.957618453106927836e-01
5.895895895895895933e+01 1.782807908539946311e+02 3.645922254491948511e+00
5.905905905905905939e+01 1.786457480366264576e+02 2.263778500081685685e+00
5.915915915915915946e+01 1.788723524910890887e+02 3.426249875161927250e+00
5.925925925925925952e+01 1.792153204465607530e+02 3.276671815995644721e+00
5.935935935935935959e+01 1.795433156233370937e+02 2.978768475406509353e+00
5.945945945945945965e+01 1.798414906459003078e+02 4.241167922148278535e+00
5.955955955955955972e+01 1.802660319794486838e+02 3.154431506184439460e+00
5.965965965965965978e+01 1.805817908889766557e+02 3.574851365408501014e+00
5.975975975975975985e+01 1.809396338684970260e+02 1.926671240394907558e+00
5.985985985985986702e+01 1.811324938525205539e+02 1.031491778399327597e+00
5.995995995995996708e+01 1.812357462827907568e+02 4.961222028074272927e+00
6.006006006006006714e+01 1.817323651044198130e+02 4.401549314100798860e+00
6.016016016016016721e+01 1.821729606313568297e+02 2.892424569032301385e-01
6.026026026026026727e+01 1.822019138302460419e+02 4.119157730113949256e+00
6.036036036036036734e+01 1.826142419313585492e+02 3.176498167182387089e+00
6.046046046046046740e+01 1.829322097158612905e+02 1.768843424425909472e+00
6.056056056056056747e+01 1.831092711197077278e+02 4.860201341471632297e+00
6.066066066066066753e+01 1.835957777604956789e+02 1.272442528334782663e+00
6.076076076076076760e+01 1.837231493849536150e+02 2.603391971914132075e+00
6.086086086086086766e+01 1.839837491819420165e+02 3.146274046870424446e+00
6.096096096096096772e+01 1.842986915289760930e+02 2.409703244916354237e+00
6.106106106106106779e+01 1.845399030650037560e+02 4.505237563856988814e+00
6.116116116116116785e+01 1.849908777961205715e+02 4.459065966705572315e+00
6.126126126126126792e+01 1.854372307457407487e+02 3.041323498365479328e+00
6.136136136136136798e+01 1.857416675323639197e+02 9.904255954977728704e-01
6.146146146146146805e+01 1.858408092336149480e+02 4.165571349162647152e+00
6.156156156156156811e+01 1.862577833426402378e+02 2.314274679266069779e+00
6.166166166166166818e+01 1.864894424696938984e+02 4.715642134695333887e+00
6.176176176176176824e+01 1.869614787194131509e+02 2.124143398991313436e+00
6.186186186186186831e+01 1.871741056862791481e+02 1.353567232101320572e+00
6.196196196196196837e+01 1.873095979017047057e+02 2.868612355068899777e+00
6.206206206206206843e+01 1.875967462855954864e+02 2.073933163419829473e+00
6.216216216216216850e+01 1.878043472028547285e+02 6.006068907942315960e+00
6.226226226226226856e+01 1.884055553017478530e+02 1.585144108860026879e+00
6.236236236236236863e+01 1.885642283857178256e+02 2.499765787878062806e+00
6.246246246246246869e+01 1.888144551913112252e+02 2.744665141926863061e+00
6.256256256256256876e+01 1.890891964467593596e+02 4.529194044657044671e+00
6.266266266266266882e+01 1.895425692240023068e+02 3.898584919433170981e+00
6.276276276276276889e+01 1.899328179646863077e+02 1.057627205606148646e+00
6.286286286286286895e+01 1.900386865538360723e+02 3.466948864465460911e+00
6.296296296296296902e+01 1.903857284822109932e+02 3.533551185529788086e+00
6.306306306306306908e+01 1.907394373095913522e+02 4.206280117370579497e+00
6.316316316316316914e+01 1.911604863703892079e+02 2.970101008305267687e+00
6.326326326326326921e+01 1.914577937786279733e+02 1.775162125027800242e+00
6.336336336336336927e+01 1.916354876850371625e+02 4.765302203829461902e+00
6.346346346346346934e+01 1.921124949126477190e+02 5.911671917014407196e-01
6.356356356356356940e+01 1.921716708077129283e+02 2.265990416354215942e+00
6.366366366366366947e+01 1.923984966752158527e+02 3.479621279405380463e+00
6.376376376376376953e+01 1.927468071135947696e+02 3.531236976668726602e+00
6.386386386386386960e+01 1.931002842884364838e+02 1.936152954481036303e+00
6.396396396396396966e+01 1.932940933929891401e+02 4.491397276560309848e+00
6.406406406406406973e+01 1.937436827099621439e+02 3.672945130664467595e+00
6.416416416416416268e+01 1.941113448852038061e+02 1.080661940788958608e+00
6.426426426426426985e+01 1.942195192536511570e+02 1.191992414949601287e+00
6.436436436436436281e+01 1.943388378137061636e+02 5.865199856751985408e+00
6.446446446446446998e+01 1.949259449064741716e+02 1.778308587840875976e+00
6.456456456456456294e+01 1.951039537741258982e+02 3.040859011274714252e+00
6.466466466466467011e+01 1.954083440655448101e+02 3.300238935501107918e+00
6.476476476476476307e+01 1.957386983133426952e+02 3.542681818716233444e+00
6.486486486486487024e+01 1.960933211180190199e+02 1.916673085428073131e+00
6.496496496496496320e+01 1.962851802857295240e+02 2.559566917725317303e+00
6.506506506506507037e+01 1.965413931904067510e+02 2.788936687788358793e+00
6.516516516516516333e+01 1.968205660320271875e+02 2.740979720817092513e+00
6.526526526526527050e+01 1.970949383764533422e+02 5.566376257583891096e+00
6.536536536536536346e+01 1.976521331970322706e+02 2.393753095758696325e+00
6.546546546546547063e+01 1.978917481215326575e+02 4.067072418727592620e+00
6.556556556556556359e+01 1.982988624777616167e+02 3.871087959129524858e+00
6.566566566566567076e+01 1.986863587699668017e+02 2.154961936746989881e+00
6.576576576576576372e+01 1.989020706755470655e+02 1.348014236374752040e+00
6.586586586586587089e+01 1.990370070355445478e+02 3.277755987155395179e+00
6.596596596596596385e+01 1.993651107379624818e+02 3.876336637158414700e+00
6.606606606606607102e+01 1.997531324233637520e+02 3.721791041617263041e+00
6.616616616616616398e+01 2.001256840791812692e+02 8.914952420916562037e-01
6.626626626626627115e+01 2.002149228421534133e+02 2.933586360469806475e+00
6.636636636636636410e+01 2.005085751304887083e+02 5.000743923376871791e+00
6.646646646646647127e+01 2.010091500977937358e+02 2.758534282912025848e+00
6.656656656656656423e+01 2.012852796556427677e+02 1.129960726268933069e+00
6.666666666666667140e+01 2.013983888374514777e+02 4.539788260100995565e+00
6.676676676676676436e+01 2.018528220967208142e+02 9.091050030339764554e-01
6.686686686686687153e+01 2.019438235985260235e+02 5.900915321589569551e+00
6.696696696696696449e+01 2.025345058128993116e+02 1.436818652341060876e-01
6.706706706706707166e+01 2.025488883819918158e+02 5.629462276526568054e+00
6.716716716716716462e+01 2.031123981193818224e+02 1.780736491812528577e+00
6.726726726726727179e+01 2.032906500204641702e+02 2.634175062488588459e+00
6.736736736736736475e+01 2.035543312079004465e+02 3.675063975123499915e+00
6.746746746746747192e+01 2.039222054796846066e+02 2.107440576027291623e+00
6.756756756756756488e+01 2.041331604922999361e+02 3.552278129766511139e+00
6.766766766766767205e+01 2.044887438886729853e+02 3.009514469918327606e+00
6.776776776776776501e+01 2.047899965883644882e+02 2.243908574737184303e+00
6.786786786786787218e+01 2.050146120613111691e+02 3.912056542065079690e+00
6.796796796796796514e+01 2.054062093127691071e+02 3.414476711351286831e+00
6.806806806806807231e+01 2.057479987733648557e+02 2.734721533218107403e+00
6.816816816816816527e+01 2.060217446725858679e+02 4.145265402186093517e+00
6.826826826826827244e+01 2.064366861542862068e+02 1.949491549005261337e+00
6.836836836836837961e+01 2.066318304534859465e+02 3.752144627756411666e+00
6.846846846846847257e+01 2.070074205063143893e+02 1.932991503029387326e-01
6.856856856856857974e+01 2.070267697706089791e+02 4.482618230291302019e+00
6.866866866866867269e+01 2.074754803041716400e+02 3.506795574303886998e+00
6.876876876876877986e+01 2.078265108921900719e+02 3.735972633645667784e+00
6.886886886886887282e+01 2.082004821267892112e+02 3.983670725559598669e+00
6.896896896896897999e+01 2.085992479651835936e+02 -3.054879124976897162e-02
6.906906906906907295e+01 2.085961900281215549e+02 4.976032950949798028e+00
6.916916916916918012e+01 2.090942914246130613e+02 1.353078219505636559e+00
6.926926926926927308e+01 2.092297346898288311e+02 4.679749636752458919e+00
6.936936936936938025e+01 2.096981780969111924e+02 5.038419782614879106e-01
6.946946946946947321e+01 2.097486127293697962e+02 4.013900302939651610e+00
6.956956956956958038e+01 2.101504045514859058e+02 3.031740563933869481e+00
6.966966966966967334e+01 2.104538820854131984e+02 3.739945609276692284e+00
6.976976976976978051e+01 2.108282510152707516e+02 2.871477034320505606e+00
6.986986986986987347e+01 2.111156861538413523e+02 3.570966951120852606e+00
6.996996996996998064e+01 2.114731403031027241e+02 2.937173979875397745e+00
7.007007007007007360e+01 2.117671517124996399e+02 2.211770324559337197e+00
7.017017017017018077e+01 2.119885501433864761e+02 2.029219635898830809e+00
7.027027027027027373e+01 2.121916752320650232e+02 5.758894765724443587e+00
7.037037037037038090e+01 2.127681411745800233e+02 2.337436731284043834e+00
7.047047047047047386e+01 2.130021188253591902e+02 1.287278453181006643e+00
7.057057057057058103e+01 2.131309755273793201e+02 3.945693431825945119e+00
7.067067067067067399e+01 2.135259398348693765e+02 3.023033365516949011e+00
7.077077077077078116e+01 2.138285457773635869e+02 4.400158441776856222e+00
7.087087087087087411e+01 2.142690020778417193e+02 1.586993941606727354e+00
7.097097097097098128e+01 2.144278603302548163e+02 3.035686316847776567e+00
7.107107107107107424e+01 2.147317328344437612e+02 4.736140848919429658e+00
7.117117117117118141e+01 2.152058210075088027e+02 5.004448452408853665e-02
7.127127127127127437e+01 2.152108304654191215e+02 3.445664784859751251e+00
7.137137137137138154e+01 2.155557418552949969e+02 5.474739995032159356e+00
7.147147147147147450e+01 2.161037638768196985e+02 3.843628977880601205e+00
7.157157157157158167e+01 2.164885115222532193e+02 -2.871633715014593191e-01
7.167167167167167463e+01 2.164597664400208430e+02 5.287007603020489555e+00
7.177177177177178180e+01 2.169889964303132217e+02 1.878925404347894679e+00
7.187187187187187476e+01 2.171770770513690536e+02 3.153059432298227271e+00
7.197197197197198193e+01 2.174926986161636933e+02 3.236596051402869101e+00
7.207207207207207489e+01 2.178166822048926861e+02 1.537290842649209788e+00
7.217217217217218206e+01 2.179705651721248501e+02 5.107035542420161889e+00
7.227227227227227502e+01 2.184817799411358408e+02 9.877382828213219224e-01
7.237237237237238219e+01 2.185806526421189631e+02 4.671765317420267571e+00
7.247247247247247515e+01 2.190482968180368744e+02 3.025017991546235852e+00
7.257257257257258232e+01 2.193511014217952777e+02 2.066038143994925580e+00
7.267267267267267528e+01 2.195579120468197800e+02 3.512749518923466763e+00
7.277277277277278245e+01 2.199095386252906223e+02 1.274949799926521354e+00
7.287287287287287540e+01 2.200371612278858606e+02 3.016258967821078052e+00
7.297297297297298257e+01 2.203390890524925965e+02 4.209431730457903420e+00
7.307307307307307553e+01 2.207604535900759402e+02 1.551427624020967011e+00
7.317317317317318270e+01 2.209157516505385104e+02 4.005815655614297199e+00
7.327327327327327566e+01 2.213167341986480210e+02 2.791450947708499886e+00
7.337337337337338283e+01 2.215961587179381809e+02 3.802056540757742020e+00
7.347347347347347579e+01 2.219767449582542440e+02 1.568250248854456741e+00
7.357357357357358296e+01 2.221337269651465931e+02 3.994584384905417451e+00
7.367367367367367592e+01 2.225335852619338937e+02 3.181741424536339125e+00
7.377377377377378309e+01 2.228520778970226388e+02 2.876870833180050990e+00
7.387387387387387605e+01 2.231400529553989998e+02 4.076876199584049232e+00
7.397397397397398322e+01 2.235481486710731076e+02 7.095001899964716863e-01
7.407407407407407618e+01 2.236191697111127894e+02 2.880690576392748170e+00
7.417417417417418335e+01 2.239075271261671389e+02 4.651343315745613438e+00
7.427427427427427631e+01 2.243731270576731731e+02 2.957002665373806405e+00
7.437437437437438348e+01 2.246691233204733749e+02 2.529500845604066850e+00
7.447447447447447644e+01 2.249223266083216117e+02 2.714628391024889176e+00
7.457457457457458361e+01 2.251940611819977960e+02 3.649174241398216001e+00
7.467467467467467657e+01 2.255593438888444382e+02 2.335427027278848211e+00
7.477477477477478374e+01 2.257931203680515466e+02 5.132130653339607385e+00
7.487487487487487670e+01 2.263068471601775968e+02 8.503214415148518945e-01
7.497497497497498387e+01 2.263919644215905009e+02 3.490099333760079858e+00
7.507507507507507682e+01 2.267413237142591527e+02 3.210929780717331816e+00
7.517517517517518399e+01 2.270627381067233728e+02 1.854174378712569293e+00
7.527527527527527695e+01 2.272483411476355286e+02 3.543212896252840416e+00
7.537537537537538412e+01 2.276030171132264286e+02 3.183883811084723625e+00
7.547547547547547708e+01 2.279217242014230749e+02 5.398832705885010519e+00
7.557557557557558425e+01 2.284621478957058969e+02 -5.935143232077160214e-01
7.567567567567567721e+01 2.284027370525419656e+02 6.285943079968800085e+00
7.577577577577578438e+01 2.290319605840704185e+02 1.337974134791208192e+00
7.587587587587587734e+01 2.291658919288943537e+02 2.925612941311172666e+00
7.597597597597598451e+01 2.294587460771737710e+02 2.778916977232052776e+00
7.607607607607607747e+01 2.297369159447645472e+02 3.468096363294747242e+00
7.617617617617618464e+01 2.300840727378871691e+02 3.642938212247101681e+00
7.627627627627627760e+01 2.304487312175915577e+02 2.040249310169721664e+00
7.637637637637638477e+01 2.306529603777687214e+02 2.303038458233921393e+00
7.647647647647647773e+01 2.308834947579723007e+02 4.984518581574111096e+00
7.657657657657658490e+01 2.313824455669387135e+02 -1.508767276004391533e+00
7.667667667667667786e+01 2.312314178115829293e+02 6.935511453119385550e+00
7.677677677677678503e+01 2.319256632022856195e+02 2.467040881838860944e+00
7.687687687687687799e+01 2.321726142415087111e+02 2.627404611478928231e+00
7.697697697697698516e+01 2.324356177061212350e+02 4.391959335753437443e+00
7.707707707707707812e+01 2.328752532752656919e+02 2.385417484650165676e+00
7.717717717717718529e+01 2.331140338042597193e+02 2.259047333836037286e+00
7.727727727727727824e+01 2.333401646685075548e+02 2.941962911590032537e+00
7.737737737737738541e+01 2.336346554504485198e+02 2.562165784582238981e+00
7.747747747747747837e+01 2.338911285019582351e+02 2.989630440271201284e+00
7.757757757757758554e+01 2.341903908082917098e+02 2.588334545728894209e+00
7.767767767767767850e+01 2.344494833554117008e+02 5.130076598850506819e+00
7.777777777777778567e+01 2.349630045364778539e+02 1.765783565354765994e+00
7.787787787787787863e+01 2.351397596481249650e+02 3.061001896710904280e+00
7.797797797797798580e+01 2.354461662443923444e+02 2.510585888455695081e+00
7.807807807807807876e+01 2.356974761431366403e+02 3.041812439206662333e+00
7.817817817817818593e+01 2.360019618727869783e+02 3.651293850073614511e+00
7.827827827827827889e+01 2.363674567526742010e+02 3.454641270159122257e+00
7.837837837837838606e+01 2.367132666896270905e+02 1.391206061106739167e+00
7.847847847847847902e+01 2.368525265556037311e+02 4.154697045646450704e+00
7.857857857857858619e+01 2.372684121457585604e+02 2.302558273017028423e+00
7.867867867867867915e+01 2.374988984593738621e+02 4.265741818323180112e+00
7.877877877877878632e+01 2.379258996423892256e+02 6.906932467159070388e-01
7.887887887887887928e+01 2.379950381055239461e+02 4.534215442249978523e+00
7.897897897897898645e+01 2.384489135251686207e+02 3.375326186640179138e+00
7.907907907907907941e+01 2.387867840143217677e+02 2.376595608959259032e+00
7.917917917917918658e+01 2.390246814726760647e+02 3.290163166540493567e+00
7.927927927927927954e+01 2.393540271349924069e+02 1.493086743747026324e+00
7.937937937937938671e+01 2.395034852674996273e+02 4.271180809557066027e+00
7.947947947947947966e+01 2.399310308940818857e+02 2.181373396248771801e+00
7.957957957957958683e+01 2.401493865894020985e+02 5.173615925586774189e+00
7.967967967967967979e+01 2.406672660614327697e+02 2.847105409727559433e+00
7.977977977977978696e+01 2.409522615979420550e+02 1.100177850269981050e+00
7.987987987987987992e+01 2.410623895108819852e+02 3.606534769128323603e+00
7.997997997997998709e+01 2.414234040022862473e+02 3.810013536586148497e+00
8.008008008008008005e+01 2.418047867386812300e+02 1.684933353337566553e+00
8.018018018018018722e+01 2.419734487360123296e+02 2.482918880915422122e+00
8.028028028028028018e+01 2.422219891645323742e+02 5.951357584368083486e+00
8.038038038038038735e+01 2.428177206544591513e+02 -2.435833979505628577e-01
8.048048048048048031e+01 2.427933379319415792e+02 4.349548916042117241e+00
8.058058058058058748e+01 2.432287282138277078e+02 1.124027395290539300e+00
8.068068068068068044e+01 2.433412434686115375e+02 4.251306916835913441e+00
8.078078078078078761e+01 2.437667997165430904e+02 3.523382501720788706e+00
8.088088088088088057e+01 2.441194906576562573e+02 4.007356248706123836e+00
8.098098098098098774e+01 2.445206274192885303e+02 1.951935615344263741e+00
8.108108108108108070e+01 2.447160163697734276e+02 2.840734610131261384e+00
8.118118118118118787e+01 2.450003741886054058e+02 3.059529603627694438e+00
8.128128128128128083e+01 2.453066334081877358e+02 5.175077695870516692e+00
8.138138138138138800e+01 2.458246592035702065e+02 1.033396740538048419e+00
8.148148148148148096e+01 2.459281023207411749e+02 2.630726613133329117e+00
8.158158158158158813e+01 2.461914383180518371e+02 4.775540575483596228e+00
8.168168168168168108e+01 2.466694704076898006e+02 2.012178732571658468e+00
8.178178178178178825e+01 2.468708897002395304e+02 3.742394733077762492e+00
8.188188188188188121e+01 2.472455037876346751e+02 2.142551895981452237e+00
8.198198198198198838e+01 2.474599734468920929e+02 2.172943602680966535e+00
8.208208208208208134e+01 2.476774853190323142e+02 3.993224009736545899e+00
8.218218218218218851e+01 2.480772074421290938e+02 1.723146387837713789e+00
8.228228228228228147e+01 2.482496945680387626e+02 5.810012820506607056e+00
8.238238238238238864e+01 2.488312774329543799e+02 1.231207223688405988e-01
8.248248248248248160e+01 2.488436018295878966e+02 5.125960058430186983e+00
8.258258258258258877e+01 2.493567109445459096e+02 5.003845938684035488e+00
8.268268268268268173e+01 2.498575964238936251e+02 -6.955592285490058702e-01
8.278278278278278890e+01 2.497879708754903163e+02 4.832885644431049066e+00
8.288288288288288186e+01 2.502717432122701666e+02 1.560963629828376886e+00
8.298298298298298903e+01 2.504279958278686138e+02 2.536979521647484859e+00
8.308308308308308199e+01 2.506819477319374130e+02 3.809455249928046072e+00
8.318318318318318916e+01 2.510632745837820892e+02 4.494053377849042796e+00
8.328328328328328212e+01 2.515131297767599392e+02 1.686762428346850085e+00
8.338338338338338929e+01 2.516819748646825587e+02 3.446666776348390471e+00
8.348348348348348225e+01 2.520269865540066974e+02 2.184957161813545046e+00
8.358358358358358942e+01 2.522457009846186793e+02 3.227436034145527266e+00
8.368368368368368237e+01 2.525687676547032936e+02 3.698445129687980004e-01
8.378378378378378954e+01 2.526057891274729457e+02 6.959574701729495771e+00
8.388388388388388250e+01 2.533024432517701428e+02 2.072235741359758965e+00
8.398398398398398967e+01 2.535098742569112744e+02 1.325438288809940746e+00
8.408408408408408263e+01 2.536425507622976454e+02 5.676297893731762301e+00
8.418418418418418980e+01 2.542107487496582223e+02 2.906262473410021308e+00
8.428428428428428276e+01 2.545016659141637092e+02 6.828748637936599142e-01
8.438438438438438993e+01 2.545700217563853016e+02 3.203744653152835298e+00
8.448448448448448289e+01 2.548907169168610380e+02 3.624719573476987922e+00
8.458458458458459006e+01 2.552535517090009023e+02 4.290938251776223566e+00
8.468468468468468302e+01 2.556830750575270201e+02 1.640337970890843211e+00
8.478478478478479019e+01 2.558472730526112002e+02 4.418877777313753974e+00
8.488488488488488315e+01 2.562896031604503833e+02 2.615658552940183679e+00
8.498498498498499032e+01 2.565514308434273971e+02 1.078216181856941569e+00
8.508508508508508328e+01 2.566593603911608170e+02 4.017602647715617259e+00
8.518518518518519045e+01 2.570615228183596059e+02 2.307641534555777696e+00
8.528528528528528341e+01 2.572925179669637714e+02 2.243228798534007584e+00
8.538538538538539058e+01 2.575170653942444687e+02 3.862109329866910468e+00
8.548548548548549775e+01 2.579036629247617043e+02 2.710678067874112251e+00
8.558558558558559071e+01 2.581750020706950295e+02 3.450728596888232858e+00
8.568568568568569788e+01 2.585204203486618439e+02 4.013491959366552564e+00
8.578578578578579084e+01 2.589221712955453540e+02 2.959825121058748287e+00
8.588588588588589801e+01 2.592184500864421466e+02 1.549733001785602582e+00
8.598598598598599096e+01 2.593735785150493030e+02 4.023707358743796370e+00
8.608608608608609813e+01 2.597763520244330948e+02 1.360740266548883026e+00
8.618618618618619109e+01 2.599125622613248652e+02 3.710544223348845705e+00
8.628628628628629826e+01 2.602839881095079591e+02 4.943861675462747129e+00
8.638638638638639122e+01 2.607788691581027933e+02 3.464624771407790238e+00
8.648648648648649839e+01 2.611256784445300241e+02 2.773058370320258703e+00
8.658658658658659135e+01 2.614032618649824826e+02 2.257923234453499683e-01
8.668668668668669852e+01 2.614258636991611979e+02 3.979562844023591506e+00
8.678678678678679148e+01 2.618242183382025701e+02 2.728214990098231763e+00
8.688688688688689865e+01 2.620973129318060160e+02 4.366215677559871722e+00
8.698698698698699161e+01 2.625343715581883544e+02 2.537054683948380518e+00
8.708708708708709878e+01 2.627883309860110330e+02 3.595435474712645352e+00
8.718718718718719174e+01 2.631482344369331940e+02 2.637391802948402031e+00
8.728728728728729891e+01 2.634122376204115312e+02 8.548767982038119051e-01
8.738738738738739187e+01 2.634978108734849798e+02 4.796243274768992038e+00
8.748748748748749904e+01 2.639779153053938217e+02 5.195705957232442884e+00
8.758758758758759200e+01 2.644980059918034385e+02 8.806507468665367711e-01
8.768768768768769917e+01 2.645861592197180130e+02 1.544830296260042646e+00
8.778778778778779213e+01 2.647407968870112995e+02 4.146941628276830549e+00
8.788788788788789930e+01 2.651559061591111117e+02 3.892368802037028175e+00
8.798798798798799226e+01 2.655455326658214972e+02 2.126811504006189679e+00
8.808808808808809943e+01 2.657584267102665763e+02 2.185502331702938061e+00
8.818818818818819238e+01 2.659771957124390269e+02 3.839102396625595048e+00
8.828828828828829955e+01 2.663614902466358103e+02 2.602691191522429115e+00
8.838838838838839251e+01 2.666220198954368357e+02 3.721818214651239742e+00
8.848848848848849968e+01 2.669945742712778269e+02 1.481497710662965650e+00
8.858858858858859264e+01 2.671428723404132484e+02 4.727296692477311879e+00
8.868868868868869981e+01 2.676160752125331328e+02 2.477083565619483174e+00
8.878878878878879277e+01 2.678640315254079383e+02 3.890949800801215996e+00
8.888888888888889994e+01 2.682535159899526320e+02 1.955668623308202125e+00
8.898898898898899290e+01 2.684492786149083940e+02 2.682794337467411694e+00
8.908908908908910007e+01 2.687178265966368826e+02 3.458084846592303752e+00
8.918918918918919303e+01 2.690639812359353868e+02 2.679847486619125974e+00
8.928928928928930020e+01 2.693322342375989820e+02 3.193887609642813263e+00
8.938938938938939316e+01 2.696519427070326742e+02 3.769141720319878708e+00
8.948948948948950033e+01 2.700292341705281842e+02 2.343469762216869423e+00
8.958958958958959329e+01 2.702638157283076339e+02 2.090931009579585442e+00
8.968968968968970046e+01 2.704731181316689685e+02 4.519125381732854052e+00
8.978978978978979342e+01 2.709254830347452980e+02 1.885402765654920154e+00
8.988988988988990059e+01 2.711142120403163744e+02 3.343043978877697331e+00
8.998998998998999355e+01 2.714488510772410450e+02 3.127854718063816986e+00
9.009009009009010072e+01 2.717619496476178256e+02 4.393169996894168428e+00
9.019019019019019368e+01 2.722017064040636569e+02 1.473641630768079303e+00
9.029029029029030085e+01 2.723492180788152268e+02 5.319722545048169993e-01
9.039039039039039380e+01 2.724024685547416311e+02 5.252668607143683666e+00
9.049049049049050097e+01 2.729282612081094044e+02 3.867792364531110305e+00
9.059059059059059393e+01 2.733154276109653438e+02 -3.747557120817535115e-01
9.069069069069070110e+01 2.732779145266728733e+02 6.097187423798390959e+00
9.079079079079079406e+01 2.738882435981241201e+02 3.449420117575410671e+00
9.089089089089090123e+01 2.742335308971807422e+02 2.164720198109235660e+00
9.099099099099099419e+01 2.744502196057001697e+02 3.641440576106209193e+00
9.109109109109110136e+01 2.748147281718769932e+02 2.702890572786490697e+00
9.119119119119119432e+01 2.750852877887725185e+02 3.307393279825119770e+00
9.129129129129130149e+01 2.754163581871534348e+02 2.835713364223585220e+00
9.139139139139139445e+01 2.757002133787673870e+02 3.441392685418199537e+00
9.149149149149150162e+01 2.760446971310615254e+02 3.663971251601159107e+00
9.159159159159159458e+01 2.764114610201106643e+02 7.301522590844520266e-01
9.169169169169170175e+01 2.764845493343333374e+02 4.359785621076130546e+00
9.179179179179179471e+01 2.769209643114180039e+02 3.125473040319199480e+00
9.189189189189190188e+01 2.772338244756141421e+02 1.583392648080594434e+00
9.199199199199199484e+01 2.773923222381847609e+02 4.434807811373129738e+00
9.209209209209210201e+01 2.778362469440279483e+02 2.900055227517077672e+00
9.219219219219219497e+01 2.781265427625982056e+02 3.447067657874810287e+00
9.229229229229230214e+01 2.784715945802033161e+02 1.931228139511328656e+00
9.239239239239239510e+01 2.786649107102845164e+02 3.149263214744860040e+00
9.249249249249250227e+01 2.789801522733220622e+02 2.534375261657987100e+00
9.259259259259259522e+01 2.792338434907052260e+02 3.874414658713745574e+00
9.269269269269270239e+01 2.796216727858717945e+02 7.081443345659720334e-01
9.279279279279279535e+01 2.796925581046471621e+02 4.618740663246705402e+00
9.289289289289290252e+01 2.801548945073745926e+02 3.566512125693703794e+00
9.299299299299299548e+01 2.805119027281647277e+02 4.198626543797502997e+00
9.309309309309310265e+01 2.809321856654818248e+02 2.438038717253992793e+00
9.319319319319319561e+01 2.811762335851268517e+02 5.067571217191073618e-01
9.329329329329330278e+01 2.812269600237373766e+02 4.235310040680175803e+00
9.339339339339339574e+01 2.816509149827643910e+02 2.083099545695448640e+00
9.349349349349350291e+01 2.818594334558069932e+02 6.229257311474404091e+00
9.359359359359359587e+01 2.824829827362348169e+02 5.395774709141124559e-01
9.369369369369370304e+01 2.825369944950850822e+02 4.254214791025377806e+00
9.379379379379379600e+01 2.829628418215140186e+02 1.164384947028447304e+00
9.389389389389390317e+01 2.830793968712666242e+02 6.236574572302348685e+00
9.399399399399399613e+01 2.837036786102357837e+02 4.582723503676914278e-01
9.409409409409410330e+01 2.837495517183807010e+02 4.268021037845924681e+00
9.419419419419419626e+01 2.841767810514983807e+02 2.796353705550395308e+00
9.429429429429430343e+01 2.844566963373392809e+02 3.532113586579735731e+00
9.439439439439439639e+01 2.848102612609208109e+02 2.528644697392407270e+00
9.449449449449450356e+01 2.850633788482473960e+02 2.589282383080696359e+00
9.459459459459459651e+01 2.853225662739811810e+02 3.590435371147123078e+00
9.469469469469470368e+01 2.856819692140359734e+02 2.584734151275140057e+00
9.479479479479479664e+01 2.859407013613107438e+02 3.190019378498857527e+00
9.489489489489490381e+01 2.862600226204197611e+02 1.545293529968939650e+00
9.499499499499499677e+01 2.864147066574536780e+02 2.677669529302192153e+00
9.509509509509510394e+01 2.866827416453718342e+02 5.139980377838912595e+00
9.519519519519519690e+01 2.871972541957060230e+02 1.164448333938785440e+00
9.529529529529530407e+01 2.873138155904946984e+02 3.214200009548797698e+00
9.539539539539539703e+01 2.876355573331922528e+02 3.086652174145545935e+00
9.549549549549550420e+01 2.879445315247984354e+02 5.400567027781785434e+00
9.559559559559559716e+01 2.884851288248766537e+02 1.816457251939512574e+00
9.569569569569570433e+01 2.886669563776233645e+02 2.668463259656367548e+00
9.579579579579579729e+01 2.889340698170283872e+02 2.406387688838211858e+00
9.589589589589590446e+01 2.891749494655607577e+02 1.349965562260928342e+00
9.599599599599599742e+01 2.893100811534747550e+02 5.130288021806443943e+00
9.609609609609610459e+01 2.898236234979999608e+02 3.300918960368155464e+00
9.619619619619619755e+01 2.901540458163551079e+02 3.345022521574483765e+00
9.629629629629630472e+01 2.904888829056018267e+02 1.536673188846472637e+00
9.639639639639639768e+01 2.906427040456264876e+02 3.460084087069065450e+00
9.649649649649650485e+01 2.909890588090968890e+02 1.942867267308680423e+00
9.659659659659659781e+01 2.911835400170356820e+02 4.806155827799330815e+00
9.669669669669670498e+01 2.916646366964951085e+02 2.133841490284186460e+00
9.679679679679679793e+01 2.918782344432702871e+02 1.939574314897370089e+00
9.689689689689690510e+01 2.920723860263431106e+02 3.126810944753841248e+00
9.699699699699699806e+01 2.923853801149070364e+02 2.836051303480626729e+00
9.709709709709710523e+01 2.926692691342744865e+02 3.989375456827710220e+00
9.719719719719719819e+01 2.930686060168397944e+02 2.512408787185181680e+00
9.729729729729730536e+01 2.933200983879294199e+02 3.744783729831423269e+00
9.739739739739739832e+01 2.936949516141387448e+02 2.259794741349375080e+00
9.749749749749750549e+01 2.939211572939535131e+02 3.599946367896790456e+00
9.759759759759759845e+01 2.942815122857349479e+02 1.989957813006512755e+00
9.769769769769770562e+01 2.944807072620118902e+02 5.381369780854753593e+00
9.779779779779779858e+01 2.950193829157510663e+02 2.334055876051484013e+00
9.789789789789790575e+01 2.952530221425830632e+02 1.731259443709628476e+00
9.799799799799799871e+01 2.954263213861976283e+02 4.457279694684538107e+00
9.809809809809810588e+01 2.958724955298097257e+02 2.438212167698149635e+00
9.819819819819819884e+01 2.961165608118615751e+02 2.805338169646697466e+00
9.829829829829830601e+01 2.963973754434578609e+02 1.866465665578326938e+00
9.839839839839839897e+01 2.965842088434156381e+02 3.254298414761293223e+00
9.849849849849850614e+01 2.969099644404888636e+02 3.086959154802604743e+00
9.859859859859859910e+01 2.972189693608895027e+02 3.784585710226807009e+00
9.869869869869870627e+01 2.975978067693206413e+02 2.473690645980209712e+00
9.879879879879879923e+01 2.978454234505999239e+02 5.857622148810878393e+00
9.889889889889890640e+01 2.984317720140444976e+02 5.050874880046992699e-01
9.899899899899899935e+01 2.984823313221530725e+02 2.486353245874414419e+00
9.909909909909910652e+01 2.987312155309493278e+02 3.830979659268048731e+00
9.919919919919919948e+01 2.991146969783234795e+02 2.138103663549880018e+00
9.929929929929930665e+01 2.993287213690692283e+02 5.684377588292385930e+00
9.939939939939939961e+01 2.998977281346640211e+02 -4.325710159027382207e-01
9.949949949949950678e+01 2.998544277326717520e+02 4.100699916110118970e+00
9.959959959959959974e+01 3.002649082047548177e+02 3.818489222049762155e+00
9.969969969969970691e+01 3.006471393581131792e+02 2.186837871596946314e+00
9.979979979979979987e+01 3.008660420479627078e+02 2.102634165358873819e+00
9.989989989989990704e+01 3.010765159383890364e+02 3.100392384771077481e+00
1.000000000000000000e+02 3.013868655264541871e+02 3.000000000000000000e+00
