2684.335638677965 -0.7171481463392433 -0.7171481463392433 26.8313526322362
713.7325570930644 3.0842708261916236 3.0842708261916236 6.363295611356863
2519.6398142584394 4.255467192165535 4.255467192165535 13.284566586387628
2779.046443411278 7.099431139999502 7.099431139999502 -16.206276496301875
210.3515482545713 1.8003643538837584 1.8003643538837584 0.031108933800336094
767.4041895520028 -1.234929462210462 -1.234929462210462 6.702955465933849
1748.181831933085 -10.67611892518152 -10.67611892518152 -13.028220839854033
2486.4089397721177 4.03898407118264 4.03898407118264 -23.949933146992585
523.3869940609176 3.599570873442772 3.599570873442772 -3.0692229085105596
2099.8818032399745 0.514089056815501 0.514089056815501 -20.99182272423536
161.06403701611018 -1.0290666478476562 -1.0290666478476562 -0.9504455564174972
1725.2503174051924 -4.439477464135378 -4.439477464135378 16.617808935526803
676.5706760713376 1.7356381490131196 1.7356381490131196 -6.138936600562741
2718.134479129893 3.9123895630718373 3.9123895630718373 18.998357086679363
2848.212078384275 -0.3811682656601562 -0.3811682656601562 27.70523006612494
1786.7463300077407 7.469737700829578 7.469737700829578 13.451379245364205
2536.266552584514 -18.99461394000834 -18.99461394000834 15.731421088318308
3513.6684074437303 -0.007935822717159554 -0.007935822717159554 34.90612056525472
3200.601968827203 -5.153387027192255 -5.153387027192255 30.978128606195593
2118.1700779842304 -10.359866077474406 -10.359866077474406 -4.663398523702934
400.2182861459166 -3.5961474608707014 -3.5961474608707014 1.6887368167837828
2557.2049423735552 -9.456231984502331 -9.456231984502331 -15.374946049941462
2683.6634692284315 10.530609917188341 10.530609917188341 18.59310400437239
2780.9248225725746 -7.487313324087189 -7.487313324087189 8.276776323070479
3210.658261572507 7.335731570457893 7.335731570457893 -21.236303646144588
2453.5526607435086 -21.20820185919641 -21.20820185919641 9.576480760601322
2827.9927700853227 -7.542009621815718 -7.542009621815718 -23.602427408423278
786.8434720520391 7.1413762449741265 7.1413762449741265 3.3000724435482915
1444.353232940259 -12.773578262554643 -12.773578262554643 5.569781242563866
3030.995102512546 -1.3150163999376032 -1.3150163999376032 -29.846469519287748
2926.999074105262 14.430696571853797 14.430696571853797 -22.340490870177256
2724.9030234591537 -25.42470135173873 -25.42470135173873 9.386386606580812
1425.3439513109863 8.637495168511894 8.637495168511894 -10.377211549110248
1676.2256985135255 -7.954539507077988 -7.954539507077988 -11.227228349136263
3543.503678367363 -7.579059170080964 -7.579059170080964 -34.532213248442176
2609.3832733419713 5.598566452109362 5.598566452109362 5.665344336657653
1505.5053960362745 -2.249017436287345 -2.249017436287345 -12.979304757994903
2004.8374699805222 -11.312154635311916 -11.312154635311916 16.13364692045391
277.65334900255806 1.9246345729461374 1.9246345729461374 1.6866881472845785
3429.5328609694548 10.334837116274864 10.334837116274864 -18.55273710459861
2563.70222213565 -11.691734771503892 -11.691734771503892 20.036566871325384
2314.332291248301 -13.75597075837117 -13.75597075837117 -17.516091496027677
843.8876696866678 1.595270662757001 1.595270662757001 -8.261490025226765
2966.3715114408747 -12.900551671049195 -12.900551671049195 -2.4286130905143235
3564.294902066892 19.838921629281344 19.838921629281344 25.50861044246078
3491.906040903215 -21.602938013716997 -21.602938013716997 -6.239569408469487
1667.644957111101 10.659659770214887 10.659659770214887 9.959899180328318
3129.4679325088828 7.3191556098504185 7.3191556098504185 18.986818488968186
2366.6228461160904 6.024456114823374 6.024456114823374 16.501501653216284
2832.494664666312 19.912377868905704 19.912377868905704 -13.579706647322867
2185.4579661616394 10.927795871959777 10.927795871959777 2.914155903686385
1814.8532380525871 1.5001703509266175 1.5001703509266175 0.721649562461297
1384.2669001509364 -1.9285526930624541 -1.9285526930624541 -12.545493670805117
2537.702516587986 -10.568210131689389 -10.568210131689389 -10.282710679594262
375.65412484380306 -2.344324946454722 -2.344324946454722 2.491055353569055
3031.033880925264 4.307463075737448 4.307463075737448 5.177692183196612
89.71157351344851 -0.30174527973136905 -0.30174527973136905 -0.16247607769790498
3560.65502518554 1.900067614951482 1.900067614951482 -35.47076334615706
1078.0019417831097 2.8133341713993456 2.8133341713993456 1.7515216321723401
2608.4499194633718 -21.96824115967448 -21.96824115967448 -2.311597764215263
415.25065448275774 -1.893833346222079 -1.893833346222079 -2.8707767586359694
2551.571946865811 15.836762313930308 15.836762313930308 -19.31039650072099
759.6112914753969 -5.037781131187164 -5.037781131187164 5.543102850170684
433.4377053156129 1.6565671773472925 1.6565671773472925 2.989995705788874
2414.0334463980453 16.589177386941355 16.589177386941355 17.292527934047
2431.3318800032057 3.2086762873300905 3.2086762873300905 -24.030925038782282
213.39845193177715 -0.31685877579100574 -0.31685877579100574 -2.086486333243401
1817.5972228990015 -17.209659241491632 -17.209659241491632 4.920977214452056
3154.292732879464 -1.6932732929224619 -1.6932732929224619 -23.050441438589274
2188.3410022826347 3.8341573516492797 3.8341573516492797 -21.088858737306357
2042.8902815860054 9.710150251292156 9.710150251292156 3.2163904826500787
3173.670802743855 0.3518497625445397 0.3518497625445397 31.732985121622693
2298.480922803245 7.752960281295773 7.752960281295773 20.409935829732657
815.2867414198141 -3.667721223363888 -3.667721223363888 7.227467300937146
1147.875134441468 4.111673555042047 4.111673555042047 -0.24784110741922674
3175.5790415134356 1.7165314885407028 1.7165314885407028 31.451722067397096
259.9664957395714 1.8825708380390462 1.8825708380390462 -1.6195678323216411
111.04757685643149 -0.09144512683988447 -0.09144512683988447 -1.10035248969783
950.3405825714395 -3.0577270478081435 -3.0577270478081435 -8.874036516983539
3107.2256833916754 10.096462901861917 10.096462901861917 -18.74848325486261
364.64284218488336 -1.1657276415290792 -1.1657276415290792 1.6943328961958808
3226.3854188826617 -0.1928898172398389 -0.1928898172398389 -32.26320399587273
431.3833434666982 0.9750499562822657 0.9750499562822657 -4.189033712205571
2279.8402213485333 0.5993656673776543 0.5993656673776543 22.746270038955732
2422.7037754946414 -0.019058488304353985 -0.019058488304353985 24.18374900006847
192.25001097870683 -1.635528539241485 -1.635528539241485 -1.0055427070660357
27.54398148171728 0.2677529042730713 0.2677529042730713 0.06448233195536719
766.9171207010146 -6.992969545392645 -6.992969545392645 -0.8309629295896604
2928.398668002208 -2.9858295332946443 -2.9858295332946443 26.393011678304575
1804.0099866675168 8.81199951628346 8.81199951628346 -10.935914095694033
2536.0365275157997 7.712043386817169 7.712043386817169 -19.07746177302285
2527.871101780126 3.1204047006803517 3.1204047006803517 24.937703288411875
2371.9335589308744 -1.5800642921817214 -1.5800642921817214 23.663580681702282
150.5846246809195 1.4489214842842015 1.4489214842842015 -0.34352730087507294
2655.2747432018323 -16.816248475382153 -16.816248475382153 -15.46180698035386
607.3947318590122 0.967381284820436 0.967381284820436 0.0078082463480677365
706.3793211433972 3.8352352718403737 3.8352352718403737 2.66454076821347
1853.1905022250714 -0.2037190633916727 -0.2037190633916727 18.278105250142577
1907.175620132579 1.4920586704267638 1.4920586704267638 -4.637931843397869
2748.8281526282362 14.061933038768073 14.061933038768073 -2.435874644441256
932.5021225273921 0.9318563933166886 0.9318563933166886 -4.850113131110296
740.4344391051364 -0.12182340787742421 -0.12182340787742421 7.4031070241262915
911.3137518958018 -0.5677267880005973 -0.5677267880005973 8.985951097495281
514.3945410483211 2.386966467743437 2.386966467743437 4.556294112805124
477.09496664790856 -1.3838556725784261 -1.3838556725784261 -4.0099519650203135
360.6263666050883 1.9091220668459363 1.9091220668459363 2.506707667191949
2202.6546310570607 12.984068882983276 12.984068882983276 -15.37178685486341
2503.604882594985 -20.65024360536952 -20.65024360536952 -2.327027532149652
2952.7160421749054 -0.43606105000466416 -0.43606105000466416 28.837642940838737
1123.109514791447 4.545680493164945 4.545680493164945 0.46937397062679537
2383.6783023728317 3.9315594059925743 3.9315594059925743 -21.293026133702117
3203.7147051500583 4.072257488650253 4.072257488650253 23.69417808741537
379.60427378388204 2.3829013252255002 2.3829013252255002 2.435575270280016
816.7784536200498 -0.6660883229634988 -0.6660883229634988 7.317487759429765
39.729349909161726 0.056465552793690976 0.056465552793690976 0.3871427823957349
2879.2116427640044 -1.1138231817986717 -1.1138231817986717 -25.382933593223058
1688.6681581117634 2.740246426952664 2.740246426952664 -16.293415702848694
3035.4679497327807 29.97548160416852 29.97548160416852 -4.64364966269394
3062.14624718695 8.296749623560162 8.296749623560162 -28.21238057157418
1382.2797322124766 5.278572531059876 5.278572531059876 -10.563160211970073
2981.9405314132596 6.823403972777962 6.823403972777962 28.934540615407833
1781.595375720056 2.3404301999913617 2.3404301999913617 -15.425295776700517
2796.3147511521015 -17.995683259910486 -17.995683259910486 4.744566972087431
3149.7464252008867 -8.99018802514274 -8.99018802514274 8.09703035962832
829.749851256125 -0.4837997111133153 -0.4837997111133153 -8.283112929451052
2612.482471263996 -8.163225527038858 -8.163225527038858 -16.312720742443442
628.5473822764136 1.9739345074868695 1.9739345074868695 5.95812994705552
2406.993268335805 3.27558301991578 3.27558301991578 21.392130437393565
262.31690307213654 0.17243906116420563 0.17243906116420563 -1.7890126483211017
1027.0915117954385 -3.363549623620497 -3.363549623620497 0.2449685686688537
3211.2752673085956 7.16908986818325 7.16908986818325 20.08593060625796
3347.9377665854263 -1.2660113096137537 -1.2660113096137537 -0.5738063415511196
3532.790203916653 2.527954530749778 2.527954530749778 -34.68533153794879
510.0135423874029 4.393105017431328 4.393105017431328 0.7317814927750506
2139.236818079423 1.187627718019646 1.187627718019646 21.09632894843425
1110.446587460231 -2.352043325093438 -2.352043325093438 -1.9311507660320513
1702.3528438072647 -4.563862413458487 -4.563862413458487 -16.317648894542288
3164.533490773671 -9.539730404880014 -9.539730404880014 -8.947296394347607
116.74939383886537 -0.960503192399667 -0.960503192399667 -0.06569343956020805
2552.6850282539644 -3.1360386586817977 -3.1360386586817977 -25.027223807434833
39.94360384062139 0.20148352646874074 0.20148352646874074 0.32431175252172917
1880.363784108261 11.58955740389318 11.58955740389318 14.803761637497654
1081.252469719088 -0.13000642202844137 -0.13000642202844137 4.021381143957923
792.164718596937 1.6407594205618032 1.6407594205618032 7.7217284599270855
3347.1672620107847 -11.269886642891993 -11.269886642891993 19.71027022374016
3412.8535221487446 -9.204231881318485 -9.204231881318485 32.76185864472922
2778.1878572228516 -19.89881570609746 -19.89881570609746 -18.78180350024035
1850.1583372231198 -4.58612972120249 -4.58612972120249 14.997403592586492
21.806964860141953 -0.19149653755064092 -0.19149653755064092 0.09638036210460747
1722.0842353009511 5.568423168874647 5.568423168874647 12.571922029115704
2319.5931292295595 -1.6238267140018339 -1.6238267140018339 -22.927308795917547
13.39338816497837 -0.04562789758565248 -0.04562789758565248 -0.10521396120337764
1594.314412408524 0.6008889769201602 0.6008889769201602 -14.398865519711622
779.3532921399157 0.056004099240966505 0.056004099240966505 7.782386579187617
1264.9814711967895 -1.1487749691444176 -1.1487749691444176 8.986577380617197
62.81033084793326 0.0062266469290695415 0.0062266469290695415 0.6268977856574272
3508.6068131075867 22.902292478196202 22.902292478196202 8.47557258831928
520.9679717304194 -3.8266719558088793 -3.8266719558088793 2.538495530273615
2844.465285904245 -17.26172237158733 -17.26172237158733 16.811496510500092
444.6188693813272 -3.9484818254897665 -3.9484818254897665 1.9201892495373925
1998.4804316382185 11.240484792736224 11.240484792736224 -0.05059208950115469
862.8841390765317 -5.654299331139708 -5.654299331139708 -3.335881874020272
2352.2360554425422 9.941967686481188 9.941967686481188 -21.15040821510335
1859.145520820089 -8.093124003651734 -8.093124003651734 -13.727408857506925
965.3352062099879 0.6234782221389733 0.6234782221389733 -9.142454114486853
672.0832353114972 -6.703185374427009 -6.703185374427009 0.48331410656554286
41.967789209201946 0.2562729713437904 0.2562729713437904 0.07674405230187384
2110.785045587334 15.246983248906023 15.246983248906023 -8.892660930217733
1687.0411796123435 1.2403751738429112 1.2403751738429112 -16.414499904981398
63.569838385773195 0.5855160092469953 0.5855160092469953 -0.23708553547366287
761.4934156725874 -3.5222894206141255 -3.5222894206141255 -6.74885141593004
1233.7611297665726 -6.74974268437828 -6.74974268437828 10.216827567229405
1278.4079992510724 -9.270209913584498 -9.270209913584498 -8.491484922156072
1321.973599567757 6.247141019582376 6.247141019582376 -8.729936315662268
18.21062670617235 0.012701020042859215 0.012701020042859215 -0.17481044076719754
2810.0359294845157 -0.06159042817660136 -0.06159042817660136 28.09373558626742
2997.1477611273413 6.685233772227556 6.685233772227556 27.91047036635886
2239.980868438683 14.07180030859428 14.07180030859428 8.639722482253934
788.0676003440574 -7.829842462852602 -7.829842462852602 -0.5806974221852996
1405.7069029299105 10.447442677640465 10.447442677640465 -2.1495074044159557
1830.5015255794292 3.8836641581461824 3.8836641581461824 17.45711390470615
2170.820558703129 6.271526625925869 6.271526625925869 14.546372803775796
2036.4193793712984 -10.239113660796505 -10.239113660796505 -0.08931826392053377
1634.1546686332517 -13.46997886303873 -13.46997886303873 -6.945554628605296
2407.056917707289 14.108945735997665 14.108945735997665 19.086706385745032
2326.937887964301 -2.0575075989740106 -2.0575075989740106 -14.041530399447394
454.02007589893867 -1.661114161697025 -1.661114161697025 0.24866698208303045
1294.3791364033204 2.6615421986259724 2.6615421986259724 -11.760659070094517
2930.1037248184016 -23.271194338790544 -23.271194338790544 -17.795211833117847
2597.8829298404935 -9.008923834680907 -9.008923834680907 -13.002845900803628
786.189871194227 -7.7009419281193505 -7.7009419281193505 -1.5729828122135516
2313.040974102148 6.282657830370588 6.282657830370588 -22.2456759145252
2245.016673054784 -20.512921489858474 -20.512921489858474 -8.065776076816727
1734.2607601562997 -2.663790336852183 -2.663790336852183 -12.094245045880887
1042.869503536168 -7.935411824982184 -7.935411824982184 6.734990916816002
300.8093124318862 1.8925981866752535 1.8925981866752535 -1.660712031858916
1190.1845153532818 -5.784882856842997 -5.784882856842997 -8.384856330692461
2684.6198389454753 12.243416185490382 12.243416185490382 20.740743542784458
930.1236208769329 -0.8504055631293204 -0.8504055631293204 -9.063398078802354
1473.950279657475 9.664727959609765 9.664727959609765 10.972180022182568
2625.752719720268 -0.17167979901509153 -0.17167979901509153 26.182625490702627
1097.606322983683 5.15525084843707 5.15525084843707 -9.631595361595929
3479.046656713594 -18.72675669077426 -18.72675669077426 -14.558702133150389
2834.5279289238006 26.421643003933227 26.421643003933227 1.6463079937471379
457.26277267105354 2.808687025342318 2.808687025342318 3.2789001238385973
333.3382341909849 -1.020621213349955 -1.020621213349955 -3.0301320721743825
1042.4987964966074 1.4605944118293366 1.4605944118293366 9.68182593166899
3458.4344042921193 -10.118289614621649 -10.118289614621649 26.456013741367833
1000.1163236496095 2.095042974187857 2.095042974187857 6.5367681418659895
3111.313991836107 20.546369405438305 20.546369405438305 11.297811003646464
3570.721046258264 1.0553560250750045 1.0553560250750045 35.13768402253476
2680.2138722264954 1.9517426514421028 1.9517426514421028 -26.71240921883039
3373.835778522051 -28.50285743367819 -28.50285743367819 -16.49339426449374
1293.6490295566057 9.374339998315444 9.374339998315444 -8.817545898989835
106.64863886010684 -0.19736088758896692 -0.19736088758896692 0.4842214450255202
2243.746578168952 3.0214891633380905 3.0214891633380905 -22.157878290796866
3237.0156296620085 -0.8427470413550747 -0.8427470413550747 4.585619340738042
2780.290613090477 -14.579054053587665 -14.579054053587665 -18.08143783034194
2716.748337344222 -11.801576784084915 -11.801576784084915 12.493309472054095
1157.94709369165 1.8079635315163365 1.8079635315163365 -11.404353150455627
2231.1659166739746 -2.935092522522827 -2.935092522522827 -10.346818103193394
3593.232135075399 -12.944456607358134 -12.944456607358134 -33.11084252691736
613.1012263870433 0.24958708126438028 0.24958708126438028 0.23120502783999788
683.776019276285 -6.641456213019829 -6.641456213019829 -1.6163625075170966
788.2388643523765 -3.7534540564358285 -3.7534540564358285 6.441577411808833
1694.16137854414 2.818814527618562 2.818814527618562 0.3733441608567789
3256.587532338858 0.46125624620315947 0.46125624620315947 -32.55485853133305
2953.5723738648303 0.3036024497460388 0.3036024497460388 -29.48846209902269
1970.128824122638 -4.64872461523397 -4.64872461523397 18.384594333698026
1522.5058996589723 -9.068261738926472 -9.068261738926472 8.157199823993997
2536.0488533149596 -11.745461757185131 -11.745461757185131 2.4548359461914626
1630.135585145102 16.23731986418405 16.23731986418405 -0.9895102753394389
1403.6864563444055 9.586000396503696 9.586000396503696 9.692709995984647
2542.5246359850225 6.914060031184622 6.914060031184622 24.01455170096925
694.2983750033142 0.5641479974804423 0.5641479974804423 6.780613877546587
1602.0866003035696 1.3615864348409394 1.3615864348409394 -15.211754912272205
392.23632085873686 2.104799104489147 2.104799104489147 1.525793419390741
3164.2372896268816 24.618315881025588 24.618315881025588 -19.168158790691194
116.9154677514613 -0.06412639138416722 -0.06412639138416722 -1.1654377643271407
373.37508996711256 -1.7682247464168648 -1.7682247464168648 3.15418696692897
2569.197451306312 -25.25156775795339 -25.25156775795339 3.0733187560999244
2189.20235156669 -15.238886866482932 -15.238886866482932 15.590314382032558
1686.9354747911075 -1.4143791629004896 -1.4143791629004896 -8.030920311207536
550.0189764748795 -0.4104652404717943 -0.4104652404717943 -5.484065407971218
1974.3052615686604 -2.665150414971852 -2.665150414971852 19.283101483146083
2410.9833865862397 14.705789457677765 14.705789457677765 15.892470388702382
3288.698450764302 -5.1590759861124305 -5.1590759861124305 -28.356005907499362
249.52019870547684 0.20482148360177735 0.20482148360177735 -2.412805622066115
1208.4110465715075 -0.5088428861968081 -0.5088428861968081 12.071647704854207
3548.1191569105467 -17.030915070675782 -17.030915070675782 30.934469665222654
1124.8354413631353 1.2671739892323481 1.2671739892323481 10.970685841207507
565.4073346927729 3.6765626283821025 3.6765626283821025 4.052977358320215
1547.074458385329 3.4600804625648367 3.4600804625648367 -15.061105187840264
31.829870276184202 -0.2631607563012563 -0.2631607563012563 -0.06245586332547847
993.8376060262168 9.129681990412218 9.129681990412218 -3.9189886750546425
887.7132251916779 0.790150100160164 0.790150100160164 -8.82431456196506
1070.8648358354408 -9.335973994760717 -9.335973994760717 4.847967698194609
2629.396866522588 2.333084467379822 2.333084467379822 -23.895924656973108
3534.5214860916676 -18.860689827100266 -18.860689827100266 -17.406300049560578
145.75838132312393 0.26607603879881514 0.26607603879881514 1.1829348917696356
1029.3957628965184 0.08724828856444787 0.08724828856444787 10.022202021922567
975.8611791359099 -0.07492107062734904 -0.07492107062734904 9.689431460328471
984.7297996715581 6.091274186670481 6.091274186670481 -7.680219423418991
2471.083804438371 5.035551315587552 5.035551315587552 -23.73498032475966
636.5265296779728 1.7502589929216712 1.7502589929216712 4.616798879143946
2289.4477293279415 -2.111265898220119 -2.111265898220119 22.77821900847637
3377.828597435272 -0.8718131349211294 -0.8718131349211294 29.962114496442013
1909.016187206937 -1.628677575862061 -1.628677575862061 -6.692150715992527
1880.0242054356731 10.41603802195361 10.41603802195361 -1.0423329849156262
3528.5634787435934 8.437023523290321 8.437023523290321 -12.168502481591924
1355.786783425735 9.292413687482572 9.292413687482572 9.47362973057422
3455.773013313193 -22.015269033335855 -22.015269033335855 -25.619499020925915
2698.1446219721793 -0.18048457018494687 -0.18048457018494687 -26.34067783796134
854.2974446513452 -5.928110839521354 -5.928110839521354 0.9151750594136182
3516.670138704088 2.5142667227071267 2.5142667227071267 -35.05897174214222
1073.2130255405123 -3.2023129810761617 -3.2023129810761617 8.783913837320075
2717.775352377319 -2.3066632700933907 -2.3066632700933907 10.3966722659644
1300.149156820232 10.754181133671342 10.754181133671342 0.6952733433452433
682.3236548104279 -2.2787141230079113 -2.2787141230079113 6.27907958607131
1391.0271940758296 11.981758049457182 11.981758049457182 -1.8734627526083527
547.4183494943413 -1.6670907359626952 -1.6670907359626952 -5.194768288290129
3511.2784158556096 28.90191918560352 28.90191918560352 7.943507711615297
1212.6456462622104 10.663778698696744 10.663778698696744 -2.9703223186003855
3188.611852071957 20.698027641829817 20.698027641829817 -21.95524390956176
2134.5952045490462 -19.487848182561923 -19.487848182561923 7.917671692862391
1907.858399749689 -13.41640011817413 -13.41640011817413 -13.261603158086116
472.9884504755304 -4.331482286630648 -4.331482286630648 -1.5801136838861958
577.2854188574804 5.164294287360196 5.164294287360196 2.558793656778351
2870.633224462397 -2.11953686231983 -2.11953686231983 28.619152965193933
2623.3287285773104 3.989721627972539 3.989721627972539 22.88292733772152
2391.1642792647863 16.014037344869127 16.014037344869127 12.781172057506751
1782.6884172646844 11.480383125111493 11.480383125111493 13.475018709368529
421.07339438185033 -0.9700463271852319 -0.9700463271852319 3.716595457879212
578.7669411810317 -2.2361903251402615 -2.2361903251402615 4.932859778367834
1504.711172644773 0.15593720534118613 0.15593720534118613 12.527422611907346
2062.6502192876096 8.29521441151758 8.29521441151758 -2.298428412728998
3434.0801037424326 1.5588874294392285 1.5588874294392285 32.20865731825586
1659.2373571707312 1.5033830076122894 1.5033830076122894 16.503205587137398
963.0267114690665 8.380850500759863 8.380850500759863 4.513846431688975
1420.3053019933668 12.656415409868444 12.656415409868444 -4.061646263614067
1588.1495898576798 3.7976605429814927 3.7976605429814927 3.5708787624349005
1593.7659093505933 -6.818316934133317 -6.818316934133317 -10.70588415136334
3028.213689080714 14.124026791678249 14.124026791678249 26.784402438492627
3207.8019887452156 18.965150539137348 18.965150539137348 -25.37946036686318
2658.7856584368524 -2.4431374894043185 -2.4431374894043185 -26.380934902963347
1356.3900538251278 -1.1454848261597563 -1.1454848261597563 13.380694774242835
316.6110391025343 0.9889776103845743 0.9889776103845743 0.13798063665797497
878.9496705958888 -3.143759552790261 -3.143759552790261 -8.090973845151549
972.5599287851265 8.15490107982648 8.15490107982648 -3.737155332288383
2529.3693639340822 -1.1164430780242174 -1.1164430780242174 -25.190935465754276
773.4438913156891 2.524782572559759 2.524782572559759 7.310512083150981
1104.568452091581 3.802600089265042 3.802600089265042 -6.78962193285292
1664.0572083351099 3.6491564852015457 3.6491564852015457 -16.2310069342358
1353.7910821145053 7.201564088208878 7.201564088208878 7.49085154197816
1313.8906023511333 12.466941058691084 12.466941058691084 2.536465676368185
982.2291222250512 -1.5414211198444387 -1.5414211198444387 -9.201025395657481
1703.6201555782916 -1.4382508741694122 -1.4382508741694122 6.395057559231693
220.8188174529631 -0.7248162040273525 -0.7248162040273525 -2.023353182336864
993.2290453034186 9.595550901967506 9.595550901967506 -0.5984324254833162
861.1460558819639 -1.2275284268685926 -1.2275284268685926 4.4707539856219585
1880.5837561667247 0.9802053538915932 0.9802053538915932 -18.776516386302045
1735.9282503200354 1.9000166794780178 1.9000166794780178 -2.432831445566385
80.70832334713182 0.14727085038104176 0.14727085038104176 -0.40403649931220875
3441.5428452682104 -3.314934939120629 -3.314934939120629 -34.18878093906255
2980.74790652126 3.4615550040400036 3.4615550040400036 24.75902854452095
2263.444263867706 4.641264883003598 4.641264883003598 -17.100711224632708
3434.0575119060145 26.954185617146464 26.954185617146464 21.273847310263527
3288.7807839936063 -0.018031402885604154 -0.018031402885604154 31.580412812380892
2104.1179241146533 -10.17914729436754 -10.17914729436754 -14.388047276647466
1570.365399666756 0.5288660523039913 0.5288660523039913 -15.694615746319501
3548.307611229014 3.9016065879183226 3.9016065879183226 34.63420470271697
2400.793438157804 1.929187939928564 1.929187939928564 -2.59756102990054
2659.0881926082784 -1.7803663738920326 -1.7803663738920326 26.191369548698965
1212.0552324413693 0.4488282809427504 0.4488282809427504 -12.106404759488953
3133.759471844488 -11.013445651035772 -11.013445651035772 25.927914503443663
1622.715077010503 10.573064590666373 10.573064590666373 6.060511654985245
675.2637827839793 -4.642897506485988 -4.642897506485988 4.286079459538836
2350.3443363783117 15.73327558290278 15.73327558290278 15.859353694196365
3050.632062585946 2.1461172350854647 2.1461172350854647 -30.43053869401638
1797.8215059158997 10.937082082967772 10.937082082967772 11.516470400295306
641.2916176829609 5.716425784444675 5.716425784444675 0.9066297610005655
1821.5331333616928 -4.673621726785605 -4.673621726785605 -17.04754510119466
3322.9848462439554 -7.041231834255471 -7.041231834255471 -7.6020920393537335
2900.6202542419896 -13.325832615613013 -13.325832615613013 25.30380224295206
2665.995375873248 16.004307341180525 16.004307341180525 -17.125343374057636
308.3577719914425 -0.7064107125379335 -0.7064107125379335 1.915153495957819
2654.237823267692 -5.037124489776855 -5.037124489776855 5.014556245813545
1325.7963122508188 -10.92627522827438 -10.92627522827438 -7.351516696392534
2865.178856174093 9.956788262865075 9.956788262865075 6.749423996533253
3591.4733049295146 -6.2457485357118045 -6.2457485357118045 23.164704110105358
791.5984537882334 0.08964275455375965 0.08964275455375965 -7.906526235149927
2926.580600107112 19.757500953424543 19.757500953424543 -21.329771153413457
845.643694610647 6.1256282533669335 6.1256282533669335 -3.3651517780766516
1795.5381890797482 11.711818951232884 11.711818951232884 -9.339211376393413
1516.3649758531562 -3.7933031422616765 -3.7933031422616765 -11.545333946861964
2378.4886303378207 9.771551210740656 9.771551210740656 21.65066073214606
2521.726430243567 9.09100855043796 9.09100855043796 7.063993773988482
783.62265220674 -3.2418458249524367 -3.2418458249524367 6.971518649469071
1393.754565675439 9.135274361274517 9.135274361274517 10.260772259034335
1392.8016697779838 3.732955132771083 3.732955132771083 7.292743570626153
2342.7435531091664 -10.565960820334835 -10.565960820334835 -20.19032148568136
1282.1833465739824 -12.262830823743927 -12.262830823743927 -3.3865486887073875
2926.8409211737326 18.487074797237515 18.487074797237515 -15.48093887988759
732.9083518430788 5.515653173244285 5.515653173244285 3.7512532018711364
2508.974688157039 0.8016938579889994 0.8016938579889994 -13.415771508333112
2045.7081300526345 13.815097389001995 13.815097389001995 14.838970265135202
2306.9478237339226 -7.009899310823076 -7.009899310823076 16.806057688911263
2778.6165886789286 0.7219361793396779 0.7219361793396779 26.30865011971914
646.062842843998 1.235091444756497 1.235091444756497 -6.339203084336938
3053.5042401959513 -0.35366359950532317 -0.35366359950532317 25.91571142967016
3500.9780132456367 8.699651258130928 8.699651258130928 -1.9677725441920044
913.7967510955862 -3.469163832867919 -3.469163832867919 -7.787905455924472
2963.252570711904 -28.37625342994948 -28.37625342994948 -7.130775653036025
1935.0044561282439 -0.5273037871046772 -0.5273037871046772 -19.341014998702025
2432.3100042364003 11.517750420284584 11.517750420284584 18.2676201957283
862.5325489996469 -1.6625085529833008 -1.6625085529833008 8.45737499299978
2255.318610526449 1.3137597386430764 1.3137597386430764 -21.24287220963572
929.1103240211636 -6.303085278260802 -6.303085278260802 4.603410789193873
2274.825004977738 -21.407126330232536 -21.407126330232536 -5.620323708080481
1945.5554655782676 19.25032198596263 19.25032198596263 -0.22565583530107428
3184.724346072704 -25.473847396348948 -25.473847396348948 -5.112741119973613
2380.162465578771 -10.142612125837205 -10.142612125837205 20.504340199708494
1714.0818389050153 14.48591120367614 14.48591120367614 -9.150778032140066
1156.0834409078172 -3.709640670572749 -3.709640670572749 1.1188295964769173
287.2962906522651 0.010939031578677495 0.010939031578677495 -2.849680889659326
2894.46391596424 -13.184738646138685 -13.184738646138685 24.832911137219234
43.14994180089178 -0.10395254875641304 -0.10395254875641304 0.41574018565452253
1686.863565219999 3.9987765038768632 3.9987765038768632 -16.351048809525782
2011.086138146738 -0.15607967573872072 -0.15607967573872072 17.377918098285612
3040.550741578416 -8.770494027781254 -8.770494027781254 -28.67572133961019
371.28649204961977 0.2783274837605273 0.2783274837605273 -3.678717382582757
2329.27725244065 -5.202541117860076 -5.202541117860076 -22.044482923273875
3337.141995549647 -18.574845724896676 -18.574845724896676 15.231119051791852
309.7607046324097 -1.122577882855294 -1.122577882855294 1.0269372050159333
1941.2048231674617 12.750421049252546 12.750421049252546 9.44759320880782
3288.7503203480187 18.29391614735258 18.29391614735258 -14.541203941738678
2792.0640313149306 12.805237412535234 12.805237412535234 -21.33238327882559
1023.6822870000235 -3.385815678673787 -3.385815678673787 -1.1494242715328784
2674.7444843478524 25.17544953768592 25.17544953768592 0.9604042429669897
3191.008489440914 -1.2958660737369403 -1.2958660737369403 26.477960205904658
1780.6602156741549 -4.604083382701543 -4.604083382701543 -15.259810765568156
1398.0359521855441 1.2676781157965737 1.2676781157965737 7.194090885648267
3241.4489091015553 0.737254747317239 0.737254747317239 22.092461534044883
496.81400875864637 0.8023339935117759 0.8023339935117759 4.8996196773110405
2844.5622227290387 10.958189238778035 10.958189238778035 25.934793523873658
2765.2251472397857 -12.439934086419791 -12.439934086419791 -21.100919117584684
1461.8452220797108 -1.2098626398167671 -1.2098626398167671 -14.559271758843153
233.02789860148744 0.5870910795698122 0.5870910795698122 -2.1158384664582948
1028.983924164246 5.851774787206137 5.851774787206137 -8.396734504926027
2913.737560801057 -0.1460900018644388 -0.1460900018644388 27.16660938339464
1597.3497171634478 -9.154650513902823 -9.154650513902823 12.429573350340313
298.6715181228864 -1.2353157689001748 -1.2353157689001748 -2.1668895124882313
3010.867102838996 8.876381634250873 8.876381634250873 27.23590013106359
298.7358947273469 -0.3762771887560645 -0.3762771887560645 -2.9604273377326122
129.3303789176424 -0.24266250303794337 -0.24266250303794337 -1.2694041921011585
1981.909700081278 -2.3763588894888144 -2.3763588894888144 19.655547725875955
1075.4087247768266 -2.745188504445762 -2.745188504445762 2.523357557717338
1686.3515417413535 -10.770249414428964 -10.770249414428964 -11.512100901276991
3135.7771055729913 -7.266920356031315 -7.266920356031315 29.22184145748245
3337.747423159103 6.709943405920423 6.709943405920423 -29.746978791701466
3583.8834038360214 -19.249540770931493 -19.249540770931493 16.209497490285013
29.85610360462303 -0.17593623515718126 -0.17593623515718126 -0.06843016855786521
1721.7950278285632 -6.160444551870419 -6.160444551870419 -15.541756030812818
142.15064287188812 0.7271247494809986 0.7271247494809986 -0.18508552949743068
140.6839342289226 0.5777088319726047 0.5777088319726047 -0.8820047736273151
1435.7017931217479 -11.736473038501064 -11.736473038501064 -3.920133219236114
3216.884050668431 20.39556331797028 20.39556331797028 -11.730028203129141
3566.627062077865 27.939253357638595 27.939253357638595 -0.9178497094835323
2731.7873334049173 17.631650071395242 17.631650071395242 -20.038368611592322
1627.5613001176346 -15.662371809302446 -15.662371809302446 -2.132098250042578
2427.246641763017 3.237650878135957 3.237650878135957 21.763320840535005
3166.5881500207224 8.438554672415982 8.438554672415982 -27.38226731434362
314.39426070557926 -2.81484077547012 -2.81484077547012 -1.3081258467854473
3484.8109715229216 -15.04211354530068 -15.04211354530068 -29.89353556926628
3027.0074382218486 27.750472713670085 27.750472713670085 10.365797084770985
808.4333894226818 2.382920231198929 2.382920231198929 -7.669260190013188
2067.43767104612 -2.468163087471612 -2.468163087471612 20.524465160777964
1299.696192869959 7.508889021227594 7.508889021227594 -0.6849673172664195
507.15629601701244 -0.670484198609138 -0.670484198609138 4.149893975422869
1159.523638344199 -5.453349686437033 -5.453349686437033 0.6454632413074602
1516.3764241618737 8.92251680208063 8.92251680208063 -11.933844745537508
366.60012295164483 -0.15329936196165983 -0.15329936196165983 -3.6411734846441934
3055.709275804472 -16.558848845287493 -16.558848845287493 -25.15387127127472
244.61990173528108 0.6289083822388588 0.6289083822388588 -2.1904755327971883
2517.839569154653 4.104941487773349 4.104941487773349 -16.792709934948935
308.7079964913171 -2.9289669331788275 -2.9289669331788275 -0.013976363675281312
1991.8493840368399 14.421238925057388 14.421238925057388 -1.2673859425873266
2066.8398734666594 -0.6693692928391135 -0.6693692928391135 -16.859557759866007
1690.7644771606972 -3.1672046676400667 -3.1672046676400667 -9.254007074246472
428.17076346904327 0.01715863374423036 0.01715863374423036 4.281521466712596
1338.6496188922986 -2.2997000647720904 -2.2997000647720904 12.837312785168832
66.09827493880589 0.14306572891707614 0.14306572891707614 -0.5448670233194413
1225.913027399191 -3.161760228753129 -3.161760228753129 -9.982002105167044
3313.0314408219547 -15.648130173011362 -15.648130173011362 -28.698105457136744
1490.8726139772614 6.8097290264901424 6.8097290264901424 -12.291725016655862
3357.798929092778 25.539456599901747 25.539456599901747 -21.689995404524986
1797.4256156393114 -11.43475317043465 -11.43475317043465 3.3876714450603607
1057.4793140256113 8.68695164954679 8.68695164954679 1.127165995300462
21.558591770991153 -0.11040554726118033 -0.11040554726118033 -0.16317128836345068
2518.4136992181698 -12.40520444666089 -12.40520444666089 15.335462791789373
523.2184986262923 -1.710401525022976 -1.710401525022976 -2.595117846644766
1575.8497409425197 3.1478661245809656 3.1478661245809656 3.5320415865615433
867.0840298352484 2.889017170571353 2.889017170571353 -2.7155291147146268
20.527906844990483 -0.038506008127687064 -0.038506008127687064 0.14759272734447978
3133.6758463787187 -26.25598702727564 -26.25598702727564 14.404558315633427
1051.7321613508602 -0.10948551982666094 -0.10948551982666094 10.502053615665805
1826.7926404870666 -5.615785799994835 -5.615785799994835 17.222964252908124
748.5126392915133 -1.8517585056915928 -1.8517585056915928 -1.543928610070098
3513.9162985774624 -14.121218155019891 -14.121218155019891 -12.645996672087456
1487.1342892386306 -3.123645917527253 -3.123645917527253 -10.391309265374613
1397.2310666549588 10.275100902739975 10.275100902739975 6.614486962525299
1482.187789167755 7.589667540272358 7.589667540272358 -12.48999542099884
2066.996159090604 -20.02544130440949 -20.02544130440949 1.3178492903122274
1197.4010363068414 2.3433336618704907 2.3433336618704907 -11.742219317512887
2456.183587714243 10.258351251655913 10.258351251655913 -22.180947369452188
2471.551539651232 7.160660671826049 7.160660671826049 -23.46408385138244
3415.747622181804 20.299630087706355 20.299630087706355 -22.069565775829552
2360.6939723163428 3.1427576839678446 3.1427576839678446 19.18842466349743
1768.4181403674413 -12.769527182847542 -12.769527182847542 -12.109206343077501
590.7534567638976 4.655743678479804 4.655743678479804 -3.2811239632414066
2814.0552238056166 -1.7614674426517383 -1.7614674426517383 -27.72534608832087
935.0398383939472 -6.419825300527979 -6.419825300527979 0.3565699230509819
2067.7575152950863 -14.12509036811163 -14.12509036811163 -14.434575709817418
461.165455431887 -0.5353749725086797 -0.5353749725086797 4.481375863817417
1593.7366065958545 4.97824419734021 4.97824419734021 13.886272568833244
2923.278661306826 -0.7934037982706595 -0.7934037982706595 -17.709065565371777
3077.5626009663342 -30.24889570066382 -30.24889570066382 4.481530685296631
1518.8315532513848 -14.983606587940391 -14.983606587940391 -1.3943473285332493
3587.5731337948437 -28.845866182683608 -28.845866182683608 21.18007280021657
1917.164927928609 1.7524074870454345 1.7524074870454345 -18.89800074997825
3548.4200719537093 -35.36240163875964 -35.36240163875964 2.8783045236317895
30.859057403639767 0.003292987067896427 0.003292987067896427 0.3073114543305503
1926.7753484746954 8.878248648206146 8.878248648206146 15.886064207730783
1936.949678169888 11.304679165793159 11.304679165793159 -12.864022036313845
2067.695258867108 11.274889379399575 11.274889379399575 -15.800815047847895
1220.1674198749995 1.761246638034401 1.761246638034401 5.684491613214615
828.2517319802088 -2.6175018031158306 -2.6175018031158306 0.011231643201092517
570.3538412467622 1.7166105646078185 1.7166105646078185 -5.038256542054228
1959.3940150469095 0.1021899535906024 0.1021899535906024 -7.590652563939701
882.4591711858293 2.9103542776800606 2.9103542776800606 -8.0842596532095
1715.9821943376323 16.700648439137087 16.700648439137087 2.468194987860655
2168.3073636187146 -17.019263775904143 -17.019263775904143 8.488500071087222
50.102588381521194 -0.41589145253046444 -0.41589145253046444 -0.06550386737747145
3597.440631895852 -15.9549951297894 -15.9549951297894 -12.169390340915971
766.0231766233403 -1.4308329477942292 -1.4308329477942292 2.704112151937908
2570.0124866347596 -20.348025447319912 -20.348025447319912 0.7959972503933922
1337.779299458163 10.850127953237987 10.850127953237987 -7.795392662965419
2963.352992055016 19.127383338470977 19.127383338470977 -20.893988652947964
2613.7378121321685 -20.889027403668333 -20.889027403668333 15.486711694985662
493.9040173167063 -0.0803585582217359 -0.0803585582217359 -4.935517992878961
1418.4804746063533 8.488821059456852 8.488821059456852 0.31418402946752433
1860.7646329000816 8.583307593635837 8.583307593635837 -4.57680106844881
1032.608397328572 -5.476746544513887 -5.476746544513887 -0.39797805711833306
145.00102949852752 -1.081135976060488 -1.081135976060488 0.9635646149181583
733.5378836858171 2.2778199463458124 2.2778199463458124 -6.718103172246269
456.5817045674931 1.9785876967232807 1.9785876967232807 -3.862471057824986
501.0981279671707 3.3399357522116917 3.3399357522116917 3.647529812807543
1401.1256129757026 -2.8841822760587297 -2.8841822760587297 -9.547652939599349
252.94996288511447 0.8373087579838623 0.8373087579838623 2.3572227398816525
2783.1717334121295 -0.771923498316666 -0.771923498316666 -27.81787981600417
2511.3319404149815 5.344031770004112 5.344031770004112 24.08523334143513
1410.4943569504535 0.9453253388665969 0.9453253388665969 14.065721350506582
717.8253031676094 -1.784378409620972 -1.784378409620972 -6.929849528985215
441.0524174043528 -0.03854087615848259 -0.03854087615848259 4.4066396432334365
2292.160394634884 8.82013816318324 8.82013816318324 18.482780727969875
2058.743765751294 19.867338536521263 19.867338536521263 1.0893198427767474
3000.6810730412667 18.159570596450347 18.159570596450347 -17.725816266035306
243.86143404811992 0.09254184404426163 0.09254184404426163 2.390599214382537
3156.376513707635 9.214459369585429 9.214459369585429 -27.251136346574384
1624.8564869771367 -11.634785724136595 -11.634785724136595 -8.581050761571701
2566.041907755744 -3.421603578861122 -3.421603578861122 24.085675612314166
2283.7126424557778 4.579074989347696 4.579074989347696 -10.842088948059276
3510.4744187512233 18.932141166665662 18.932141166665662 -15.029809491040943
2780.04871649577 -26.318341530179794 -26.318341530179794 3.592540471865998
3218.1352608834845 22.34674723561349 22.34674723561349 12.323573377571755
2985.9985854455704 3.378658886807732 3.378658886807732 29.455974496928157
214.29792952534333 1.22424810425595 1.22424810425595 -1.5447674978334587
2378.3875740383987 1.9172531592985769 1.9172531592985769 -23.398651505078533
635.857422302079 -5.530213229828416 -5.530213229828416 -0.6258140763196568
3389.3142626582185 -9.836708281719996 -9.836708281719996 -11.547103092343047
288.5966981355891 -0.4798132756157849 -0.4798132756157849 -2.8172950499635845
2403.7782488428657 10.471774194210314 10.471774194210314 -7.837869646807281
2623.99979855591 19.59568429631439 19.59568429631439 -1.4572521268092211
1069.2066175544242 -0.6182116829539078 -0.6182116829539078 10.41086222893117
2856.485202208918 -22.618365986737746 -22.618365986737746 -2.950168479977051
2523.89371916272 19.619353186809235 19.619353186809235 -13.97765935515947
946.7262526944501 0.00728368988993832 0.00728368988993832 9.46725538131462
1915.853388688071 10.260102152766926 10.260102152766926 16.05285788157258
3101.938919804556 -13.354246756255465 -13.354246756255465 9.111327527152463
739.6976134127416 -4.8851315046503005 -4.8851315046503005 -5.106013230035784
1033.6163696384488 -1.7967893717834107 -1.7967893717834107 -6.712748723250548
2016.8523396911457 -0.8836288220509978 -0.8836288220509978 17.543837231173004
1017.5509738696741 -0.16463884310786187 -0.16463884310786187 -4.595720271336792
3440.608557467969 19.09755185077668 19.09755185077668 -27.843809761961506
2625.6228106620692 2.7479524410610954 2.7479524410610954 -7.760050443377823
2294.5779901375845 2.7720279913343333 2.7720279913343333 -10.112378237386329
408.1571756234898 1.3753807110624539 1.3753807110624539 -0.4134481193348196
2662.8655380308905 -9.316422922576036 -9.316422922576036 23.20196600539091
503.62299172479703 0.4526549434484926 0.4526549434484926 5.005076678229879
596.9597040187089 -4.660380231789072 -4.660380231789072 -3.6919638534832675
3003.637244823892 16.01722439319315 16.01722439319315 -7.060831790760992
1164.587122220556 -10.83134736783737 -10.83134736783737 2.7831817652268906
2689.62580051234 -15.359713801150251 -15.359713801150251 17.92954096813557
2622.1409631514803 -14.960102584817832 -14.960102584817832 19.550967031970888
1977.019432392386 0.21480175583241884 0.21480175583241884 -19.762841350062484
3107.8516573525694 2.8710240859723233 2.8710240859723233 -30.00363311333562
3473.790895862639 -33.99507221652593 -33.99507221652593 -0.20020558738493588
788.5442400330271 1.4954193098969708 1.4954193098969708 7.723176289350527
2247.3596145905494 -2.908459491279794 -2.908459491279794 -21.885827054147736
369.9713996634752 2.8045939430102087 2.8045939430102087 0.3776572529975094
3120.6939433326756 26.9685195147278 26.9685195147278 -13.148981942809517
325.88329605203035 -0.51345368557791 -0.51345368557791 -2.953521148789024
2430.3536555552982 0.33202036826837567 0.33202036826837567 6.386492307813828
995.0083997266275 -6.190518963056173 -6.190518963056173 6.449586198796138
2027.5740347567469 -9.646921931773726 -9.646921931773726 7.06201246708823
1247.142217289327 5.507613193871557 5.507613193871557 10.918407482973048
823.6326441923711 4.3340298146886 4.3340298146886 -5.8474178167890285
832.4460849353087 0.06530281033436294 0.06530281033436294 -8.324028182091912
462.5996124900273 3.3084576349327226 3.3084576349327226 2.4929224662700453
1519.9387002708206 14.527408370891042 14.527408370891042 -3.9754489396708115
2649.8024030328143 -8.246553890487169 -8.246553890487169 4.751895919117518
1828.7758624995408 -11.686357484577181 -11.686357484577181 13.105835490974211
2367.9421213271853 -8.119969846818595 -8.119969846818595 -22.23064367996224
2634.6462751870463 -17.76468498220757 -17.76468498220757 -19.314504865587566
2726.8441401075934 -22.6969144343355 -22.6969144343355 -11.995933285733805
617.3867551685083 -2.0864534990559345 -2.0864534990559345 5.666342123889908
898.904768760654 5.732982890744807 5.732982890744807 6.681066489366767
716.0973173404777 4.379580580709306 4.379580580709306 -4.7829873954530155
588.197287976717 -3.1988533072847662 -3.1988533072847662 4.883886010767342
3386.443972808912 -12.772714174558919 -12.772714174558919 -24.887752975367466
475.42298663566106 -4.708051834811621 -4.708051834811621 0.6308313834126332
2553.9912533741995 10.426935771952692 10.426935771952692 17.81535323039928
116.25207315386477 0.10699820854848122 0.10699820854848122 -0.15907450995167513
472.43302787189305 -2.4842786792405924 -2.4842786792405924 2.287206560867069
1058.2415027033585 -0.5194682575689986 -0.5194682575689986 -10.56314330076224
1492.9305596016898 4.586428261166145 4.586428261166145 -10.273365070177258
2929.022642253622 25.696080675374613 25.696080675374613 -9.52319636246998
2116.7389532688594 -18.389116433436556 -18.389116433436556 6.404975748300213
903.6224739448344 0.8362216284388473 0.8362216284388473 -8.997380653429607
6.120509830847265 -0.004223840279508507 -0.004223840279508507 -0.05671426966651749
1832.958897244416 -11.938848571545444 -11.938848571545444 12.605449378921456
430.236271733923 -3.733728027481541 -3.733728027481541 -1.3522995687043755
424.8387558068865 -2.3763819549715888 -2.3763819549715888 3.365500481125947
892.6022023883183 -8.553164337903608 -8.553164337903608 -1.9834463829809492
3466.240412004195 26.18521358823354 26.18521358823354 5.7417658178334685
2832.7131308631397 4.838181170920253 4.838181170920253 22.7408458512098
3067.2720364109123 1.2902887305808577 1.2902887305808577 -30.636253641556983
2350.7825962999495 2.515534135278213 2.515534135278213 -23.261441589699274
1855.217716662015 11.32045881407502 11.32045881407502 -7.947777988720928
2583.51576288193 24.641234069618992 24.641234069618992 -0.936283078027559
3526.443438987567 30.46018362158659 30.46018362158659 -2.231683232679342
2116.9365517581414 -10.50549553897422 -10.50549553897422 -12.293189827868217
356.20068110108576 -0.28818833547896855 -0.28818833547896855 -3.545396596927667
2404.6335784526214 -15.605508607798253 -15.605508607798253 7.529453480854119
3451.8264294939318 -8.75677337768171 -8.75677337768171 1.5429385215893863
1451.4011124020133 3.151308644264184 3.151308644264184 14.055821793304004
1954.475196579872 10.461514580707478 10.461514580707478 -5.358574337513598
30.33965119747286 -0.00838744515565546 -0.00838744515565546 0.3024873023524843
2042.8942985801204 -10.931609556710905 -10.931609556710905 -13.03045606483551
175.10425388780004 -0.002824224352277071 -0.002824224352277071 -1.7509515009050345
459.64646187505787 -0.41743992999435603 -0.41743992999435603 3.6045527076495656
1870.1401795083996 -4.722469675544207 -4.722469675544207 -17.843661760051827
203.06674797908286 -1.566099142508241 -1.566099142508241 0.5098123866434319
1837.8905808561756 14.83683082832001 14.83683082832001 -5.154797213039453
732.7360445245474 4.843685034856511 4.843685034856511 -5.140458904042897
1046.5881507600923 9.396150797949774 9.396150797949774 -3.06970980660998
1785.4744893398117 3.572131962455194 3.572131962455194 -17.09644715974359
1709.561224687674 -6.946217105272683 -6.946217105272683 -2.9392370255173157
1188.4975872013163 8.985028668999913 8.985028668999913 5.49468104019259
2513.394810774337 1.7975688326734487 1.7975688326734487 -25.068969345286433
18.080690052960115 0.04649779992755647 0.04649779992755647 0.16807110746103698
620.6913383520119 0.19910638129138675 0.19910638129138675 0.7933859879353142
2198.344302115139 15.762808185199166 15.762808185199166 14.61936115956654
1725.4052739659057 13.658961139932304 13.658961139932304 -3.3733002315703606
2700.8446587683743 1.6205965955093968 1.6205965955093968 -26.86182643716935
2121.6199258875245 4.195872579297587 4.195872579297587 10.13995392882641
733.1042745765952 -3.569380052414546 -3.569380052414546 -2.01514882962287
2819.2222225984397 -3.8520777472306555 -3.8520777472306555 27.81010397449064
193.18024510025788 0.0705565137635369 0.0705565137635369 1.9271016374050813
52.51826485746229 0.3493572968980825 0.3493572968980825 0.339079016040043
1283.483599340249 -6.8877864126004695 -6.8877864126004695 -8.601375382536945
3510.824018332651 9.680908860184443 9.680908860184443 12.66361217865004
933.1155145751444 -2.415765224507857 -2.415765224507857 2.7052369891755563
2499.411648028893 0.18114481462101464 0.18114481462101464 24.554383549555503
965.4756055784611 0.7721541671575831 0.7721541671575831 5.864947868445603
3255.3643919405495 2.054199532048306 2.054199532048306 32.48873597526414
2309.2825958596372 1.4051128617810227 1.4051128617810227 -17.40340912178936
2562.799676114449 -0.03810231543885359 -0.03810231543885359 25.627564180590593
1300.478994929195 -8.151122601747273 -8.151122601747273 10.084953834593097
922.3726838084921 -5.245238340246208 -5.245238340246208 5.24278963429433
2286.3525402292416 -5.072565041657759 -5.072565041657759 -22.2928005008336
182.40464713328888 -0.7938413458511308 -0.7938413458511308 -1.6403950313943438
1353.9599736036073 -5.389977609933726 -5.389977609933726 11.50651713766524
2568.7767187729996 11.24534649131836 11.24534649131836 -23.052966020315598
488.8376338230611 -0.5057565409208168 -0.5057565409208168 -4.572552262326068
3062.116014657736 12.600727423052852 12.600727423052852 26.4266610401267
600.7105194479832 4.372769523771153 4.372769523771153 4.1106485487785696
312.58055172485444 -1.5695947087653928 -1.5695947087653928 -2.6378225569949976
3058.2051849562154 -19.24108088693414 -19.24108088693414 -19.491593821214163
3082.18978369099 4.295123111171989 4.295123111171989 -29.97144366826427
1021.2041707131579 -7.558243559419922 -7.558243559419922 4.128648656348159
141.86241890433612 -0.005231557340454576 -0.005231557340454576 1.3603912124144968
3494.02942391658 8.741848932255266 8.741848932255266 22.160936808811492
299.283127911072 -0.06648537404019093 -0.06648537404019093 2.9884984637769696
750.2255944709452 -2.4861768329925966 -2.4861768329925966 2.1311201252816443
3048.739435197583 5.040954505985335 5.040954505985335 -30.00160568351068
407.563118065396 3.2375538981009453 3.2375538981009453 0.2936225770245807
2137.5497145771424 -19.841349487620793 -19.841349487620793 3.1561906649214864
763.9251212538164 -1.29272321874399 -1.29272321874399 0.3451190410436875
2426.9690323189734 -9.400582288802088 -9.400582288802088 6.243838298169533
1176.9278066735428 -9.67650725487258 -9.67650725487258 1.3562430820061155
129.11290472371647 -0.5302944142937935 -0.5302944142937935 1.170667140213139
851.2613030266086 -3.190178246513132 -3.190178246513132 7.247371070928546
563.5238006493328 -2.878170976050012 -2.878170976050012 -4.831581425855117
3529.593896430218 -17.245295084284052 -17.245295084284052 -27.299000145633777
1844.3602673811565 0.2509828742847889 0.2509828742847889 -17.727387777675222
976.1274682564024 -1.546909398961659 -1.546909398961659 5.107521146436
88.86382931705884 0.5650363140781642 0.5650363140781642 -0.07194879572797094
668.8352444962736 4.958749381723287 4.958749381723287 -3.9030268739822604
37.45397645146724 -0.16020877574947107 -0.16020877574947107 -0.33106396552067746
868.6174595167049 1.5694876848041803 1.5694876848041803 -2.4465413511621388
2788.273802701736 1.1984626555971052 1.1984626555971052 27.753098196526267
1169.320484827751 -0.35514502169255546 -0.35514502169255546 11.544061151020651
3158.540181052912 31.45391486653148 31.45391486653148 -0.05646970883604344
1473.4764385960032 0.5741348155305155 0.5741348155305155 -14.613508401101386
3138.431651201474 -15.753919611345204 -15.753919611345204 -4.389508142427831
1481.8702291223285 4.482346610178981 4.482346610178981 -12.55251009483769
1578.469435240918 11.061521917576888 11.061521917576888 10.294352467939152
248.6925162468746 -0.013779913522758385 -0.013779913522758385 2.479937999880622
2914.2462838663705 8.852640748212208 8.852640748212208 -26.99539028814371
1413.2417463404317 2.9549692039248923 2.9549692039248923 -13.477842951786487
236.86085400660838 1.2041761647575198 1.2041761647575198 -0.207382202862954
685.3748490205406 -1.0400396745362908 -1.0400396745362908 -1.0568457162209917
456.17481430380445 3.1491034200581276 3.1491034200581276 -1.2650703688912244
127.67871102706793 -0.12253477981144646 -0.12253477981144646 1.0726655622222716
895.5974813864455 1.484735507194607 1.484735507194607 8.589936167527203
973.2750861308729 0.7227398350906356 0.7227398350906356 8.965161844664268
2566.3274558557023 0.2857003089782543 0.2857003089782543 -25.653012883465315
3329.8580666826074 20.478020263188906 20.478020263188906 15.495123876175084
450.91499021840286 -0.4522553065599719 -0.4522553065599719 -0.10123341242801477
491.2237635886122 -2.0287086000681263 -2.0287086000681263 4.139231944070213
408.3871905248123 1.8919294570949214 1.8919294570949214 -3.596429896304451
2299.9667104499854 0.1340950740063055 0.1340950740063055 -22.99576160941412
2695.9123978362877 9.332511636145812 9.332511636145812 -17.199814028658604
1365.2127319539 -0.35581017502138484 -0.35581017502138484 13.169072432155925
2739.4645041074214 12.79078991907688 12.79078991907688 -23.90896353000297
2828.5481342150592 12.931456070144522 12.931456070144522 -8.135976595416215
1982.3173887403104 -16.59159414500267 -16.59159414500267 7.10316436095917
2583.9777981421157 -8.502018667548766 -8.502018667548766 -24.081926468661504
2522.381903473451 -20.317974708828242 -20.317974708828242 -14.239254126770517
2124.7976241686038 19.50072977713526 19.50072977713526 -2.104723055968699
2970.4826745886285 0.8100616227156544 0.8100616227156544 29.393711456973147
1838.3345104938105 3.7531216966878636 3.7531216966878636 -15.704671224828196
2941.144185222928 15.477628794364849 15.477628794364849 -24.82840340086046
288.4934499366386 -2.4679861948761017 -2.4679861948761017 0.6856913907566949
1913.5419569029325 -7.767081480840665 -7.767081480840665 -0.015741547913019547
2788.092698970993 -1.2849059317161453 -1.2849059317161453 18.852040020908433
1698.5498033801505 0.023715045204492288 0.023715045204492288 2.019891506679112
2110.941090736748 20.061986265772045 20.061986265772045 4.8353431743730715
1979.8969526802705 4.5807332037400865 4.5807332037400865 18.09231286352233
1348.1497982709016 -1.539048533456481 -1.539048533456481 -13.190686526085058
2930.1125755111016 -14.828426924870756 -14.828426924870756 24.063395316826547
391.84395253507194 -0.7793829960641068 -0.7793829960641068 3.8327162927915497
1258.3219440420244 7.650701466813241 7.650701466813241 -1.6806405665182762
3185.0546723317043 3.7594846130553394 3.7594846130553394 -31.165330243032
1670.8008106312186 14.2132873691445 14.2132873691445 8.066469939929787
212.09466630834507 -0.1989101411667092 -0.1989101411667092 -2.110103056177749
576.1440981602321 4.153445293792119 4.153445293792119 1.8776151436741624
1401.715112940187 -4.843106445589771 -4.843106445589771 -13.045198064283305
2869.4801762269194 15.156314943117728 15.156314943117728 1.0075096351476076
955.9661446761768 -6.02815649216531 -6.02815649216531 -7.400073126106387
2479.114067121264 1.3627697639077267 1.3627697639077267 10.696424330814267
379.52174200404613 -2.4147608086656014 -2.4147608086656014 2.0014049621460392
919.3098728715509 2.164972992237948 2.164972992237948 -7.378196538856688
13.415632039220915 -0.011144719853781295 -0.011144719853781295 0.11486872829063373
564.2089891696357 4.370089498603482 4.370089498603482 2.328204160249642
2665.741219410003 -18.16708295482805 -18.16708295482805 -19.33802160179293
1311.9095837081693 -4.061239096428803 -4.061239096428803 11.483682592333205
2856.4122102222036 -3.9444926922589723 -3.9444926922589723 -21.087154952531986
1342.2814885077248 -2.3503480356419453 -2.3503480356419453 9.032432346853659
2303.007691030936 -1.4315409854813514 -1.4315409854813514 22.71241853512847
3135.0762542176626 -29.69438179824383 -29.69438179824383 9.577114220700137
1943.2063737875558 -5.166516621977353 -5.166516621977353 -18.66339136535984
2703.118027260309 0.5605865479501786 0.5605865479501786 24.782502527542423
546.6352071417973 2.0324238936281387 2.0324238936281387 -2.8975898085539376
770.9030327367585 -1.0398222433825985 -1.0398222433825985 -6.474361152282939
148.2112342061806 -0.32827814796627464 -0.32827814796627464 1.318545092614733
2363.708399967101 20.26851957025633 20.26851957025633 5.834678986131256
1320.5063538636027 0.47652946901457105 0.47652946901457105 -1.6264664090409802
1370.2321593706174 8.501739128955874 8.501739128955874 -7.1064672485830425
383.4557646386357 1.1990083608382778 1.1990083608382778 -3.2290682509027504
1568.2248407449272 14.21011037473987 14.21011037473987 5.981217049595984
1436.8513314338402 5.971534539946593 5.971534539946593 13.059414989477336
162.60182530433255 -1.2553254038289776 -1.2553254038289776 -0.6683826679398974
2492.3031701169966 8.005567430699442 8.005567430699442 -21.179904749180885
1329.1343682728566 0.6689555206769653 0.6689555206769653 10.539145266917435
3326.9730780684454 9.991801146861736 9.991801146861736 31.531752684695086
1809.88554470287 8.863112327845835 8.863112327845835 -14.205647926763758
927.9834125270328 -8.248900191786731 -8.248900191786731 -1.6189567493215593
1211.7577473727865 2.198192434018317 2.198192434018317 -11.843920237301608
3050.1640980581747 -17.274966986009474 -17.274966986009474 -7.78932415201584
1954.4259640085083 -0.007883134188056817 -0.007883134188056817 19.544245129745082
2687.6829528224785 2.184528086062731 2.184528086062731 26.68686075835034
3108.446740048935 -17.827978405775728 -17.827978405775728 -2.2437308906901894
1338.003702709306 11.384945705800735 11.384945705800735 -6.6674596612311605
58.909446121802134 -0.4642138363693536 -0.4642138363693536 -0.30197067541042544
1197.5999248636952 6.860213967429982 6.860213967429982 8.19121300887458
406.6061987829032 -3.354979607095075 -3.354979607095075 -0.8428829814470958
292.50418707240334 0.5373105269050166 0.5373105269050166 2.874928008297712
1731.0581815035355 11.952072557078827 11.952072557078827 1.4058828201592946
1000.4436155392597 -6.651423785271316 -6.651423785271316 7.254630788548493
253.89174372741388 -2.169028431355155 -2.169028431355155 -1.0265789532438065
2066.2579421732244 -12.396183810221807 -12.396183810221807 -4.97466130470709
1845.6490384940016 -7.180277723701543 -7.180277723701543 15.980256265945828
164.9333932847937 -0.8436384718805146 -0.8436384718805146 0.9543094407093744
1908.2092926520204 3.2707628972598286 3.2707628972598286 18.790682768492484
2803.5928908024944 12.983032939719477 12.983032939719477 24.835131919501087
688.5982875431092 3.549775195117121 3.549775195117121 -4.866712001684098
3490.2886418384396 -33.13057237472322 -33.13057237472322 1.9001121866440185
516.879494475495 -3.407873941096133 -3.407873941096133 -3.799423185559875
3305.9795937067315 -19.7297731716743 -19.7297731716743 24.593961492208113
3196.9705104927534 -0.9767634119403029 -0.9767634119403029 31.088165318879266
291.68714906769264 -1.2483280942228807 -1.2483280942228807 1.8700963889986133
334.74102216475796 2.954931121722707 2.954931121722707 0.5085141284781277
2192.3144319293615 3.233607311493241 3.233607311493241 -19.737835427002132
1781.7802681755516 0.7031765581262773 0.7031765581262773 14.840299940984094
1719.5811243061912 7.864320630353607 7.864320630353607 -14.710685618250167
970.0884123292718 0.9129863844552226 0.9129863844552226 -9.645414295766242
273.0637935711675 -1.9889492527272692 -1.9889492527272692 -0.6405390995324625
3063.7274348643036 9.87285985283641 9.87285985283641 6.091190816786067
2680.0969519272185 -0.2372582570491569 -0.2372582570491569 26.79988660398885
2221.6680979364655 12.3088153481357 12.3088153481357 0.5795680246144806
1608.3347630759458 1.2625309605178543 1.2625309605178543 15.647467910088288
1357.0403976327184 6.966611469193086 6.966611469193086 -9.162429858573143
3076.599175192787 13.512166072389787 13.512166072389787 27.637895510506446
1575.8334003894574 1.857080560340067 1.857080560340067 -1.2942310350514652
1312.1018288706493 7.3895161986509175 7.3895161986509175 10.797610904516693
1628.5430137600147 -0.6041662446385438 -0.6041662446385438 -14.958676022991256
1666.0455082352553 -1.1107854724294843 -1.1107854724294843 16.622910685466003
1496.2496555777159 -11.389800464599837 -11.389800464599837 8.462966157823248
2375.603826134958 -7.25078584337574 -7.25078584337574 -22.016441640189885
1755.0631990756026 0.14173588867811676 0.14173588867811676 -14.100054120342266
2710.32923758796 23.792432195618293 23.792432195618293 12.86276809026944
3463.576084659215 -14.243772640686805 -14.243772640686805 14.100971407720868
136.71258157366836 -0.29267135103994274 -0.29267135103994274 0.24318855992058544
1494.1674959690515 0.32095362396542 0.32095362396542 -14.938058100172613
2514.2873330989346 -9.134327730379075 -9.134327730379075 20.184920181901138
149.905012800884 -0.14430419703388958 -0.14430419703388958 1.4384405950309065
1490.2032260345616 -14.500153837018482 -14.500153837018482 -1.7901874647254297
2481.358113486674 -15.091282929236208 -15.091282929236208 -19.363942450485645
1983.18029786851 -1.1837301926293151 -1.1837301926293151 19.781899031817716
2288.47202683603 -20.44777450543487 -20.44777450543487 2.511399063642398
973.9072806399007 8.139646521423602 8.139646521423602 4.5301487652318215
2834.8119044915666 10.829634306280294 10.829634306280294 24.83559699723444
1744.4490781153572 -14.16182332784255 -14.16182332784255 -7.389003323937619
2449.5547661773917 3.6059555984316605 3.6059555984316605 -10.421408974557325
2856.894916525821 -12.83284028916882 -12.83284028916882 -23.927021641206835
1084.083045972863 10.217659470687693 10.217659470687693 2.5670019100435324
168.46435139300203 -0.6494880088420358 -0.6494880088420358 -1.5229226515960899
849.8547773475559 0.1650783708916262 0.1650783708916262 -8.495155586754837
2419.916531666424 18.10374290601682 18.10374290601682 16.026072437174932
665.5588398030644 2.1449233079034786 2.1449233079034786 4.842623610645002
2411.322526099058 9.900429995605455 9.900429995605455 -21.789464664462066
2536.0753799687564 -11.87303655437799 -11.87303655437799 19.224571327711782
2038.3115128135776 -16.307867328286008 -16.307867328286008 -3.4111415413576895
2193.341858383085 9.255010096725876 9.255010096725876 8.488031249466346
643.861884606908 -4.800761078210309 -4.800761078210309 -4.056682511575331
3011.8476484076555 -25.294737463490772 -25.294737463490772 -4.359346744341297
356.84566821634627 -1.608801307900383 -1.608801307900383 3.184050528439026
2568.411058070891 5.149753657724765 5.149753657724765 -18.76074054156536
312.02984081318766 -0.7254466191392895 -0.7254466191392895 -2.9685277009592324
1588.6536658234568 -15.610769274132581 -15.610769274132581 2.7565984169236764
2068.4260847636792 -15.481285527530016 -15.481285527530016 -8.843968975598374
890.7818779962017 0.7879144641657055 0.7879144641657055 -8.864771538776465
7.451175357648454 0.01995433000578322 0.01995433000578322 -0.06651841723080486
1412.2864227511086 -10.071866861886917 -10.071866861886917 -7.198568455344052
235.85807364690936 1.64725605263035 1.64725605263035 -1.6866423432416913
3230.0348669583136 9.538730968705414 9.538730968705414 -26.832067498875855
2055.3319156308244 2.705135144220422 2.705135144220422 -15.850378307438245
1324.093214102252 3.1564826717720025 3.1564826717720025 12.432150839077645
1742.7309275084833 0.3728710719223659 0.3728710719223659 17.422534312971038
420.1552112447652 0.09058912046191768 0.09058912046191768 3.438877636194647
670.9156658214831 0.7621443949313579 0.7621443949313579 -6.61892828722594
3047.92635515081 -6.169683762612972 -6.169683762612972 -29.282596645357323
1854.0068599852038 5.309530309367457 5.309530309367457 -16.29532881404938
1462.2302887072672 -1.5030085803679032 -1.5030085803679032 14.44856709853308
37.543149312823054 0.06233648943067984 0.06233648943067984 -0.3610148708621465
92.41904798510903 0.8287827137360391 0.8287827137360391 0.2022129934672956
1412.9034465974655 3.4977874285592385 3.4977874285592385 12.962913030267222
91.70199370816698 -0.20122742064040972 -0.20122742064040972 0.8500643206635539
1093.6722599313791 -1.8146058867095303 -1.8146058867095303 -10.763782955104748
1039.2604733299863 2.0252224177137585 2.0252224177137585 0.4445268107188851
1439.7575710683655 -1.7839522266809402 -1.7839522266809402 -8.753860039146657
3137.167354548018 -27.55404761238454 -27.55404761238454 -9.25837668034588
378.16888703331506 0.2344064173561054 0.2344064173561054 3.74877505495493
643.897216757355 -1.4034380269418734 -1.4034380269418734 1.5338621445277247
1211.6310895413503 3.909733562504454 3.909733562504454 -11.454991784959482
2522.9536128182644 -24.943858522381564 -24.943858522381564 -3.3329984919284934
3596.425164616251 -22.750067122809615 -22.750067122809615 -15.162628188619019
2148.391402240097 -19.780479111122432 -19.780479111122432 7.453947967109436
2989.4511647608674 -28.62298536660541 -28.62298536660541 -4.330606465102478
18.933234397908016 0.08622457937972541 0.08622457937972541 -0.12122290730859764
2643.1623013885137 5.3073025818058985 5.3073025818058985 -25.621473110054616
2500.6467384411467 -0.6237988374895075 -0.6237988374895075 24.997416150287382
320.4610823544943 -0.44443477061800624 -0.44443477061800624 -3.0292608869792916
2036.958845590138 -12.113448571757825 -12.113448571757825 -8.091087935294553
861.5219198011454 -1.2836385872102047 -1.2836385872102047 4.099300798006994
2336.516090944651 10.806565810070872 10.806565810070872 19.45816375048122
1310.4703754566337 -7.9662729624827096 -7.9662729624827096 -9.433337176763265
3310.129695401442 30.772452472856095 30.772452472856095 -1.877622572218988
879.2535072805659 6.6328168688571605 6.6328168688571605 -4.592831880177777
2141.1441217079046 -11.736410192980498 -11.736410192980498 7.493752128611878
2075.0129543816697 -10.132977927676567 -10.132977927676567 17.641053173348986
392.7434648311098 -0.1856952098863558 -0.1856952098863558 3.9171619846666306
2130.2531425405205 -16.458859944610417 -16.458859944610417 -3.0483368925682712
1489.2849876685937 6.610898067443328 6.610898067443328 1.907720170954348
714.0191804217666 -0.1659661758124567 -0.1659661758124567 7.137856883085214
945.8800803522221 3.827222921341614 3.827222921341614 -7.021246695032237
3034.6042791004375 2.840324486252113 2.840324486252113 26.84094145587341
1871.0579492654265 1.716170340618669 1.716170340618669 0.755096772306013
2607.078454705356 0.6196683305402809 0.6196683305402809 25.777560582834106
506.4463665629089 0.33669353388072404 0.33669353388072404 -0.6267895975619477
1261.054757880745 -0.4376167561522558 -0.4376167561522558 12.577780404683265
2550.978681959793 -13.521449035651932 -13.521449035651932 -1.4628259624746613
1290.2868541601636 0.37030278559967894 0.37030278559967894 10.704322713046071
454.4378459528073 0.1813173254589433 0.1813173254589433 -1.98233139485227
433.4033117382276 -1.3654705868321404 -1.3654705868321404 -2.7756858288976347
3414.2955007637975 -18.457817573662272 -18.457817573662272 -14.45511866910513
3072.892051648559 -0.10039163088946898 -0.10039163088946898 30.630211581985318
272.3336363099279 0.7960023290498189 0.7960023290498189 -1.621831118780173
2704.389080523838 8.440172804567668 8.440172804567668 24.231367878189527
3587.148864017719 -12.356628111960493 -12.356628111960493 33.67174535666967
1115.8764737716444 10.372167258190512 10.372167258190512 3.958564420519538
3485.68900565995 -5.375107043328412 -5.375107043328412 -32.40343903180147
2885.0833144190933 -9.976080399954679 -9.976080399954679 -9.71564731218681
3341.533134479655 0.15422267801557768 0.15422267801557768 -33.41371268278621
1114.0268814047197 0.01221474930034389 0.01221474930034389 11.138344370550408
769.0392445903277 -2.2830817506769954 -2.2830817506769954 -6.255704367048441
114.60585012630516 0.07829824547169827 0.07829824547169827 1.1376188312887419
3539.572868824243 -12.174394498009685 -12.174394498009685 -31.206915482933812
1514.946323865734 1.2769209642095125 1.2769209642095125 14.750380847219942
2452.372020492409 -21.17976201944917 -21.17976201944917 9.137410406209892
2260.0673464349497 -3.42696733086137 -3.42696733086137 21.393317026549262
2391.997663166552 1.507881113992604 1.507881113992604 -15.938341596112043
1333.9006709180017 12.781359417041704 12.781359417041704 -0.4143849809662359
444.37144193790135 -1.1013439758716468 -1.1013439758716468 -0.3998656106180891
2289.4632383075073 -3.0469158954994966 -3.0469158954994966 20.163347058045776
2049.9901832494656 15.70682088233846 15.70682088233846 7.050277455272033
1330.464083428515 6.920368958495884 6.920368958495884 -1.313316888329926
592.1558283956429 -3.103567173086366 -3.103567173086366 5.0402242952968646
3139.051451792976 -11.215491749033275 -11.215491749033275 -15.443018473261999
937.705731791525 -6.104408801677307 -6.104408801677307 4.338851017067119
2800.7081170539977 -14.12684573219927 -14.12684573219927 -13.773598415361315
1681.6882366782893 4.337438701087325 4.337438701087325 15.514775528738037
1523.891344428806 12.979540002658352 12.979540002658352 5.4483258124506255
2096.1203129192686 3.061407057448029 3.061407057448029 -13.050173904462236
1424.48262845538 -0.07968731078560773 -0.07968731078560773 -14.124788345060846
1668.3613845203818 -10.709322251564647 -10.709322251564647 11.458750850988821
2832.1333701670787 -25.471895084353804 -25.471895084353804 -12.344716336041257
829.6740479364341 3.2073679331303677 3.2073679331303677 -7.538703527753361
1653.9706059735554 -1.7208516043949573 -1.7208516043949573 -15.607763020283162
2038.432586868965 7.180108787479086 7.180108787479086 17.909013012256796
2900.117320154231 -10.452358249609816 -10.452358249609816 -6.4448826460630855
2457.147054962007 -7.190358086537864 -7.190358086537864 -23.434798664211325
3571.525231346993 28.013309825643457 28.013309825643457 9.214025271205692
184.69724734336515 -0.91885051786357 -0.91885051786357 -1.5846895948859603
2159.79855196106 16.270063993035215 16.270063993035215 7.329721241766367
154.0580341710269 0.26536652567353874 0.26536652567353874 1.5052638260169482
3229.91312794212 -23.78919769522905 -23.78919769522905 -21.686921541044097
2466.953503661627 -1.9319495622709764 -1.9319495622709764 -24.593763877888193
2776.41764391362 -2.9420175755935416 -2.9420175755935416 12.560691485559998
1856.0139056946498 10.281977973702901 10.281977973702901 7.994807567931107
3214.6871741844348 -14.08112844389797 -14.08112844389797 27.477394284664218
2243.8753960324284 -7.182970271651534 -7.182970271651534 -12.191711312381894
577.6614953260332 -5.142907826112031 -5.142907826112031 2.3222852004620096
873.6941875516534 -0.5505852226350075 -0.5505852226350075 -8.539737731907756
3579.061828546623 -7.130090267149576 -7.130090267149576 -30.628472275310347
1869.037617674646 -1.6208132155147517 -1.6208132155147517 -8.14990192885074
708.53379884262 -2.849752471976113 -2.849752471976113 2.5296823239861337
665.834668364556 -0.14551213145330757 -0.14551213145330757 6.649574828221462
3017.924935982389 -11.442387573657586 -11.442387573657586 27.823091093917743
2857.8287940961027 27.999357022851637 27.999357022851637 0.7398029995626912
3143.724360909266 4.48101771612898 4.48101771612898 26.70576006219856
1283.584128931594 -1.5289813323609285 -1.5289813323609285 -12.744141623739518
531.8405489171128 0.6615830709215391 0.6615830709215391 4.265512722419946
2231.791653394202 8.327710557640275 8.327710557640275 20.671124295796805
1130.6594568944986 -5.6475929931491065 -5.6475929931491065 2.830701111785436
2451.7251056449145 15.042437206619331 15.042437206619331 -16.44501057077744
2378.5410777348834 -4.374444400420442 -4.374444400420442 23.30086284485993
1013.4577770233311 1.3529046185425486 1.3529046185425486 -9.155685846454737
1785.8042485773535 13.448210572447891 13.448210572447891 -5.351265302072659
2364.1253892561986 -0.990579956443072 -0.990579956443072 -23.479163343097976
2007.6204784411136 -0.8388939007646776 -0.8388939007646776 -19.835185686568906
1120.5211555129451 -2.8933152183581496 -2.8933152183581496 -8.968448640647443
18.6877454963148 0.0013910322022036147 0.0013910322022036147 0.1863669654589803
1622.4330740662485 -2.429358911152855 -2.429358911152855 15.756241307706492
1635.8642203043873 -9.099932008309176 -9.099932008309176 -7.117192332052925
306.2220630569294 0.02354896798981631 0.02354896798981631 3.0620318584321655
810.4227622441489 -5.42057109218015 -5.42057109218015 0.29333840827379637
1310.0882109723707 -5.6763265441335164 -5.6763265441335164 1.4306465653548563
1287.6836403921354 -4.597585444172038 -4.597585444172038 9.307996417771141
2526.969979674673 10.350962102004386 10.350962102004386 -16.84370649138278
2757.800129206847 -6.975776447568011 -6.975776447568011 25.51666220098185
421.0689244538342 0.24626585767056638 0.24626585767056638 -4.176708139938728
868.7643134898161 6.740170426605422 6.740170426605422 3.6229990936229575
1215.336564776575 11.195909489236255 11.195909489236255 -1.944821651951964
676.3934700294765 -0.6147831283254988 -0.6147831283254988 6.503814685709687
811.1325897085342 -4.243649508305616 -4.243649508305616 -5.02313528353603
186.32879364341304 0.6929189095569082 0.6929189095569082 -0.9861653886370244
3117.7258536900536 -5.857056461639462 -5.857056461639462 30.562481320296627
1571.2542004947861 -1.5287463973799487 -1.5287463973799487 -15.603432228626732
2675.1025917687266 -0.8494164567562292 -0.8494164567562292 -1.0517842803505664
1413.4361116651266 1.7524617669242992 1.7524617669242992 13.882654238589518
764.5127308119247 -3.35032216890082 -3.35032216890082 5.7226409782019045
362.1587456793032 0.7203170793994156 0.7203170793994156 -3.2838656953812793
3399.4634907416375 -30.410108435198946 -30.410108435198946 13.868542626752737
1663.4148047364524 7.320481975294517 7.320481975294517 -9.07668763074977
414.4917917584068 -3.788742493063533 -3.788742493063533 1.2108085127898904
1058.3835745535691 -6.133100329637814 -6.133100329637814 1.9535725125228856
2806.540118536175 7.116006592888008 7.116006592888008 24.71883527224341
25.100340461254156 -0.23393303481323227 -0.23393303481323227 -0.03604434777883553
2427.931742100607 8.408455206907494 8.408455206907494 -19.86679142297871
2612.436453237238 -5.562482395901467 -5.562482395901467 -22.858975895491806
3413.543219551407 -7.628900565907123 -7.628900565907123 18.082346945800275
2614.510276997384 20.2027654851941 20.2027654851941 -5.983307823320525
1363.1845630429439 -2.031008260016608 -2.031008260016608 10.419610692136866
8.358057131155805 0.008171809112511766 0.008171809112511766 0.06290008500799574
2965.951276964931 23.530712572465994 23.530712572465994 -0.631626814446696
2164.4989396041005 2.4272589911278186 2.4272589911278186 21.195779563763626
611.0259783415444 3.0134821125361575 3.0134821125361575 5.309539901755112
3451.869595726905 -34.17578479801643 -34.17578479801643 -4.589794147052492
3350.9622186358033 2.5868884374185943 2.5868884374185943 24.034724562860063
2809.43812757749 0.01859722484281438 0.01859722484281438 27.89353590000771
2531.971929426961 -17.10191132509919 -17.10191132509919 12.361848576621934
2592.812123526642 -9.46406960034503 -9.46406960034503 18.634162137057338
901.8882290271844 -8.987841786029472 -8.987841786029472 0.5898499230647553
1443.1585236763942 2.2595354105001793 2.2595354105001793 14.21862690781499
2404.725295066669 16.643744905204702 16.643744905204702 14.20637476214998
3357.287501127904 -0.7412363503655732 -0.7412363503655732 27.02747965766785
3496.287343533966 1.6416048400182432 1.6416048400182432 34.85270277674269
