5.400000000000000000e+01 6.452732033546709545e+01 1.538289442306929402e+02
4.900000000000000000e+01 6.020634855279084974e+01 1.109172923270908626e+02
4.500000000000000000e+01 5.975113144607212945e+01 1.225921739802808759e+02
6.100000000000000000e+01 9.487553672826854267e+01 1.583642717133275255e+02
4.600000000000000000e+01 6.283094156262313845e+01 1.272296577315052843e+02
8.200000000000000000e+01 7.217321303499565488e+01 1.739572083704639738e+02
6.300000000000000000e+01 7.315515433616830876e+01 1.556348214104089038e+02
5.900000000000000000e+01 7.559768690164442262e+01 1.467978177287224071e+02
3.500000000000000000e+01 8.792472822380453579e+01 1.066406029774422564e+02
3.000000000000000000e+01 5.633115559990925902e+01 1.070490436782916817e+02
7.800000000000000000e+01 8.552756434618143544e+01 1.480611372730987227e+02
2.100000000000000000e+01 6.726409195051422785e+01 1.441693628507804306e+02
7.500000000000000000e+01 1.048871612947530991e+02 1.706958916742970871e+02
7.400000000000000000e+01 9.302995576440110881e+01 1.246047385775249268e+02
5.500000000000000000e+01 8.708354658884782395e+01 1.489625016879178077e+02
8.400000000000000000e+01 7.738296673479584342e+01 1.445951833271195426e+02
8.500000000000000000e+01 9.591778409142992246e+01 1.989587314502354616e+02
6.300000000000000000e+01 7.459803225773848112e+01 1.510887009070319209e+02
3.500000000000000000e+01 7.351068307860818152e+01 1.360007534920748355e+02
6.000000000000000000e+01 9.090170849314965551e+01 1.347807294037346253e+02
8.600000000000000000e+01 9.199796664784858535e+01 1.437479714950394225e+02
4.200000000000000000e+01 9.083967805119942795e+01 1.067671560696580570e+02
4.700000000000000000e+01 7.382820650091038317e+01 1.130728852507962898e+02
6.400000000000000000e+01 6.444240607246291574e+01 1.768493623032850621e+02
5.300000000000000000e+01 8.126633226600458215e+01 1.299131043333007653e+02
3.600000000000000000e+01 6.935527908406442066e+01 1.004296579679919148e+02
5.700000000000000000e+01 9.186891614294501096e+01 1.582234709289045611e+02
5.400000000000000000e+01 9.989621169126886002e+01 1.040756953717982753e+02
8.100000000000000000e+01 1.082850405583853046e+02 1.470609880170829626e+02
8.800000000000000000e+01 8.055295080852573619e+01 1.829272584589846531e+02
5.100000000000000000e+01 8.676284482915012575e+01 9.947487611568313071e+01
8.600000000000000000e+01 7.425203088154884767e+01 1.457897871586379779e+02
6.300000000000000000e+01 6.385410667598483769e+01 1.180928775861885782e+02
3.500000000000000000e+01 7.486659795710298226e+01 1.138010827649714969e+02
4.900000000000000000e+01 8.387607711534863597e+01 1.013368097205508604e+02
5.400000000000000000e+01 6.790087477508957647e+01 1.460033746717838312e+02
3.300000000000000000e+01 6.117639660399800761e+01 1.473549025198676077e+02
7.800000000000000000e+01 8.050258065744046121e+01 1.537582871829125963e+02
8.100000000000000000e+01 8.441388721774774240e+01 1.852052915050616662e+02
8.200000000000000000e+01 1.041593500097018961e+02 1.572469067456206062e+02
2.200000000000000000e+01 8.742077860465116146e+01 1.006425022043553525e+02
4.500000000000000000e+01 7.238977045340921279e+01 1.188890432162251329e+02
2.000000000000000000e+01 6.237208186340836136e+01 1.335098567520072379e+02
6.300000000000000000e+01 6.597797188760978315e+01 1.181037067695606595e+02
3.600000000000000000e+01 7.966917957065132327e+01 1.452270913275032171e+02
5.300000000000000000e+01 6.334954438681764088e+01 1.358527120868100724e+02
6.800000000000000000e+01 7.141633177253703479e+01 1.494592486305828629e+02
5.400000000000000000e+01 6.320202627472337298e+01 1.659115636670086928e+02
3.000000000000000000e+01 7.392010573132741058e+01 1.023854402232153831e+02
7.600000000000000000e+01 1.019736290294567169e+02 1.322535225709710858e+02
6.600000000000000000e+01 8.956637795013098469e+01 1.684525659558504458e+02
8.700000000000000000e+01 9.348696453167326581e+01 1.736276001073076145e+02
7.600000000000000000e+01 8.530239606193855195e+01 1.790643570441490908e+02
3.500000000000000000e+01 6.802405377471065151e+01 8.854640519812478772e+01
2.800000000000000000e+01 9.069472554576947232e+01 1.296614768470287231e+02
3.400000000000000000e+01 7.628642931662041349e+01 1.474200083163817112e+02
8.200000000000000000e+01 8.119037824123894609e+01 1.800973159518012210e+02
7.000000000000000000e+01 1.040022796064383499e+02 1.467017636190965106e+02
3.800000000000000000e+01 7.240484645332847435e+01 1.476311813400357096e+02
3.900000000000000000e+01 7.639208175864197869e+01 1.548138541464093692e+02
2.600000000000000000e+01 7.788229103570138534e+01 1.270227949942064924e+02
2.900000000000000000e+01 7.577204575992843161e+01 1.420251538396873059e+02
5.500000000000000000e+01 9.540894564089556695e+01 1.132995858956939799e+02
4.100000000000000000e+01 9.469180423078427111e+01 1.380487802851721995e+02
3.900000000000000000e+01 8.564100109612409994e+01 9.614073486840165117e+01
3.400000000000000000e+01 5.784891587929936918e+01 1.049711420761633462e+02
8.900000000000000000e+01 9.679275083487053166e+01 1.456163330758254233e+02
3.400000000000000000e+01 9.119221282928870664e+01 1.352043606767514348e+02
7.200000000000000000e+01 6.677700537597023356e+01 1.189948803220475924e+02
3.700000000000000000e+01 6.373033980428820655e+01 1.174552954552852100e+02
2.700000000000000000e+01 8.064190060034388807e+01 1.247415156076338576e+02
5.100000000000000000e+01 8.665543932137100569e+01 1.034976783700647047e+02
4.200000000000000000e+01 6.116135571920280967e+01 1.301793422739267498e+02
2.800000000000000000e+01 6.876013862495732099e+01 9.081812430903070776e+01
5.700000000000000000e+01 6.845898999482770364e+01 1.408688229220753101e+02
7.900000000000000000e+01 7.983268989433119600e+01 1.305906155131903574e+02
8.300000000000000000e+01 1.010621890101981535e+02 1.687229930553203872e+02
5.300000000000000000e+01 7.641016534237589042e+01 1.106763563126973935e+02
5.800000000000000000e+01 7.745183213773243835e+01 1.061882478554413183e+02
2.600000000000000000e+01 6.996876021340005991e+01 1.424134453787264363e+02
5.700000000000000000e+01 9.585339817658530137e+01 1.011587650665491083e+02
4.700000000000000000e+01 9.226423598613496324e+01 1.233622842473688905e+02
3.500000000000000000e+01 8.199414000319998763e+01 1.536135523147271442e+02
3.600000000000000000e+01 6.372967098966715582e+01 9.408492271547611097e+01
5.100000000000000000e+01 7.461403691911824865e+01 1.047908675011357644e+02
3.100000000000000000e+01 8.280325006553363210e+01 1.219213277245600722e+02
2.900000000000000000e+01 7.966950062156463730e+01 1.436186413979875738e+02
8.500000000000000000e+01 9.472508348079944085e+01 1.889356257116384086e+02
7.600000000000000000e+01 1.033582597064627748e+02 1.365264206185493379e+02
4.400000000000000000e+01 6.646991052813453393e+01 1.264177802869615732e+02
5.900000000000000000e+01 8.618067584160871775e+01 1.332871422687256313e+02
5.300000000000000000e+01 6.482165021280043504e+01 1.637333239654191175e+02
4.100000000000000000e+01 8.436317482309550542e+01 9.559498194280473626e+01
7.200000000000000000e+01 9.616210115081628373e+01 1.635782377887378516e+02
5.300000000000000000e+01 7.978242278291617140e+01 1.285177701232740333e+02
7.100000000000000000e+01 9.026141301610937262e+01 1.453024306447248648e+02
7.700000000000000000e+01 6.951682929778766606e+01 1.650340745260466235e+02
5.600000000000000000e+01 9.084519111648803857e+01 1.451535842113575541e+02
6.500000000000000000e+01 6.951992333309274841e+01 1.693260002513479208e+02
7.700000000000000000e+01 8.803825278973010882e+01 1.739081786725434995e+02
